nFeatures: 3572
2 80 88 34 8.02972 452.031 5 785.949 434.17 
2 44 53 59 16.1533 472.783 4 696.648 452.712 
2 114 133 152 28.8915 531.835 4 134.474 511.52 
3 40 49 55 37.0583 472.059 4 696.648 452.712 5 721.073 451.492 
2 75 68 45 38.0349 366.11 4 18.2525 352.012 
2 221 222 216 43.0256 335.254 4 397.479 490.375 
2 236 242 244 60.1577 195.522 4 14.585 170.72 
2 38 47 54 63.6024 471.007 4 50.0165 453.954 
2 236 241 244 63.9871 184.552 4 17.8013 158.45 
2 246 246 248 66.9881 224.068 4 22.7686 201.897 
2 114 143 141 68.3878 220.093 4 25.0996 197.449 
2 254 254 253 69.4101 186.342 4 24.1759 161.427 
2 62 64 66 70.1557 281.981 4 27.282 262.19 
2 62 64 66 70.1557 281.981 4 27.282 262.19 
2 28 35 24 70.4028 459.762 4 52.5412 443.057 
2 68 88 80 74.0936 221.954 4 30.7408 199.011 
2 255 255 255 74.6565 214.022 4 31.509 190.91 
2 229 231 234 74.7178 227.621 4 32.1312 205.491 
2 40 44 42 75.3263 438.553 4 56.856 422.529 
2 23 26 20 79.4591 448.415 4 58.5225 432.168 
3 227 236 239 79.511 194.447 4 36.3025 170.408 5 10.2986 150.262 
2 64 72 80 79.7872 280.143 4 39.3326 260.66 
2 100 92 77 80.1147 197.984 4 37.1088 174.086 
3 118 125 123 80.5647 191.22 4 37.0963 167.092 5 10.9623 146.818 
2 28 29 24 81.1379 456.684 4 60.9956 440.148 
2 154 181 200 81.3717 587.678 4 498.583 115.987 
2 225 224 227 81.7159 293.427 4 41.9226 274.337 
2 94 97 80 82.5343 202.578 4 38.9738 179.01 
2 28 36 38 82.9468 307.341 4 43.4828 287.627 
2 79 91 82 84.1272 207.403 4 42.0087 184.528 
3 39 52 52 84.77 290.508 4 44.6372 271.137 5 19.0503 255.489 
3 230 233 233 84.7715 230.465 4 42.8394 208.692 5 19.6057 190.826 
2 230 233 233 84.7715 230.465 4 42.8394 208.692 
2 250 251 251 84.8074 211.051 5 18.8583 169.517 
3 249 251 251 85.1741 193.887 4 42.8895 170.28 5 17.6202 150.441 
3 116 140 151 85.6213 213.786 4 43.4867 191.131 5 19.588 172.699 
2 27 39 42 87.3679 295.509 4 48.1031 277.069 
2 59 68 74 87.7975 468.279 4 74.2368 451.141 
2 59 68 74 87.7975 468.279 4 274.607 184.416 
2 254 254 254 88.701 201.444 4 46.7422 178.126 
3 242 244 245 88.7858 232.837 4 47.1899 211.397 5 24.4996 193.974 
3 254 255 255 89.6207 218.468 4 47.8875 196.202 5 24.261 178.192 
3 61 87 82 90.6971 225.207 4 49.336 203.336 5 26.2842 185.986 
3 47 61 58 90.9242 242.938 4 426.391 483.183 5 26.1553 204.356 
2 224 225 230 92.199 303.919 4 52.8856 285.072 
2 30 44 46 93.5028 298.337 4 54.431 279.38 
3 229 231 235 93.7 235.819 4 52.6387 214.51 5 30.4173 197.393 
2 239 240 244 93.9242 239.015 4 53.2332 218.04 
2 101 120 123 94.124 272.56 4 54.6624 252.8 
2 255 255 255 94.5806 206.66 4 53.4938 184.821 
2 255 255 255 94.6263 207.192 4 53.4938 184.821 
2 213 230 236 94.8855 221.773 4 53.6853 199.975 
2 77 91 79 94.943 211.973 4 53.898 189.862 
2 253 253 253 95.8664 294.04 4 57.117 275.312 
3 254 254 254 96.0703 282.191 4 56.6972 263.183 5 31.7307 246.64 
2 235 235 237 97.0813 269.471 4 57.3922 249.944 
2 245 246 246 98.4299 275.355 4 59.3869 256.17 
2 45 56 50 98.5977 306.655 4 61.4998 288.941 
2 39 49 57 98.9795 470.88 4 84.7223 453.608 
3 112 110 105 99.1381 231.555 4 58.822 210.529 5 36.9093 193.284 
3 49 63 59 99.6455 279.918 4 60.5981 261.072 5 37.6467 245.128 
2 51 67 66 99.726 242.507 4 60.3559 222.202 
3 40 47 53 99.8708 266.064 4 60.169 246.325 5 38.3763 230.31 
2 239 239 242 100.584 285.609 4 60.9691 266.937 
2 238 243 245 101.32 220.554 5 38.9206 181.629 
2 238 243 245 101.32 220.554 5 38.9206 181.629 
2 246 247 248 101.972 269.063 4 62.3251 249.429 
3 255 255 255 102.545 209.284 4 5.35733 155.424 5 40.0946 168.937 
2 60 75 73 102.821 243.014 4 64.4629 223.028 
2 255 255 254 103.736 293.076 4 63.733 274.256 
3 77 90 87 104.777 212.928 4 64.8209 191.391 5 42.4252 173.15 
3 146 166 179 105.56 219.196 4 65.8355 197.812 5 43.6164 180.064 
3 146 166 179 105.56 219.196 4 65.8355 197.812 5 43.6164 180.064 
3 255 255 255 105.73 224.154 4 65.3666 202.842 5 44.1334 185.37 
2 34 45 46 106.635 301.751 4 65.3014 282.385 
3 242 243 243 108.032 272.299 4 69.1651 253.021 5 48.9433 237.804 
2 75 90 85 108.126 230.025 4 68.9999 209.416 
2 233 234 237 108.464 240.102 4 69.908 220.186 
2 100 114 123 109.629 538.602 4 134.474 511.52 
2 100 114 123 109.629 538.602 4 134.474 511.52 
2 184 191 187 109.79 299.826 4 68.7222 280.35 
2 82 104 106 110.865 265.856 4 72.1633 246.242 
2 254 255 255 112.082 236.535 4 73.6505 216.086 
3 112 134 147 112.81 554.889 4 140.941 524.081 5 33.767 531.573 
2 248 248 249 114.231 261.868 5 53.0471 225.74 
2 248 248 249 114.231 261.868 5 53.0471 225.74 
2 63 78 80 114.486 266.166 4 76.0649 246.872 
2 64 80 80 115.733 274.689 4 77.547 255.967 
2 76 97 117 116.631 450.477 4 101.195 434.292 
2 109 138 162 117.297 445.675 4 101.373 429.493 
2 121 143 157 118.46 553.344 4 145.978 523.036 
3 48 63 63 119.734 257.727 4 82.286 238.647 5 59.1048 221.871 
2 255 255 254 120.34 241.347 4 82.4595 221.513 
2 255 255 255 120.554 285.958 5 734.645 353.654 
2 254 254 254 121.082 247.214 4 83.1611 228.003 
3 253 254 254 121.183 251.675 4 83.9627 232.096 5 61.1902 215.212 
3 255 255 255 122.102 228.967 4 82.2945 207.443 5 62.9694 192.794 
3 255 255 254 125.132 265.966 4 88.0002 247.302 5 64.8553 231.033 
2 85 98 97 126.827 273.263 4 89.6586 254.694 
2 85 98 97 126.827 273.263 4 89.6586 254.694 
2 65 84 85 126.853 258.595 4 89.8777 239.788 
3 65 84 85 126.853 258.595 4 89.8777 239.788 5 67.5374 223.301 
2 17 22 24 131.29 463.859 4 116.02 446.87 
2 56 71 80 133.76 466.555 4 119.148 449.55 
2 62 62 65 138.073 360.223 4 716.698 443.224 
2 25 33 17 141.643 464.346 4 124.773 447.369 
2 22 30 15 146.742 461.955 4 129.943 445.19 
2 255 255 255 147.094 271.155 4 113.291 253.267 
2 114 108 91 147.54 299.107 4 115.252 281.702 
2 54 60 43 152.569 466.051 4 137.129 449.249 
2 252 253 253 156.468 292.205 4 757.183 589.458 
2 107 91 54 156.971 299.04 5 715.688 528.915 
2 50 56 40 157.133 465.798 4 140.952 449.05 
2 101 92 71 157.638 295.414 4 125.48 278.049 
2 16 23 16 159.441 461.621 4 141.792 444.902 
2 90 86 80 163.474 290.031 5 106.338 249.165 
2 74 80 90 169.62 283.945 5 106.338 249.165 
2 83 88 95 169.784 288.532 4 137.533 272.597 
2 77 71 31 175.996 342.731 4 148.608 328.377 
2 31 36 25 177.612 466.325 5 60.7374 436.299 
2 21 31 32 183.425 379.126 4 157.432 360.929 
2 62 71 38 183.772 320.388 4 156.304 305.999 
2 32 40 35 184.275 450.844 4 161.936 435.009 
2 49 51 39 188.87 465.797 4 172.11 448.936 
2 34 50 56 193.548 300.855 5 513.128 458.878 
2 31 48 53 193.65 277.985 4 165.209 261.657 
2 19 22 27 193.84 466.428 4 177.376 449.568 
2 41 48 32 197.145 462.795 4 180.587 446.053 
2 31 36 39 199.363 391.485 5 127.491 361.375 
2 109 130 147 202.614 470.954 4 204.313 455.471 
2 36 51 55 203.711 284.072 4 176.61 269.909 
2 40 49 54 203.839 332.977 4 177.135 319.352 
3 37 46 48 204.248 374.139 4 178.102 360.985 5 147.988 302.158 
2 101 107 111 204.602 305.121 4 178.113 290.545 
3 30 36 38 205.068 359.584 4 179.304 345.574 5 132.683 328.6 
2 63 81 101 205.821 355.398 4 180.08 341.387 
2 63 81 101 205.821 355.398 4 180.08 341.387 
3 32 41 48 206.329 309.53 4 179.706 295.931 5 135.91 275.662 
2 103 126 141 206.949 468.502 5 93.7337 443.172 
3 103 126 141 206.949 468.502 4 192.265 451.574 5 93.7337 443.172 
2 35 45 29 207.594 463.4 5 107.051 437.807 
2 48 52 55 207.837 368.285 4 181.269 354.232 
2 44 49 54 208.697 373.671 5 136.523 344.274 
2 70 94 116 209.614 329.58 4 183.781 315.768 
2 30 37 49 209.64 470.722 4 194.811 453.477 
2 30 37 49 209.64 470.722 4 194.811 453.477 
3 43 48 54 209.994 352.263 4 184.369 338.623 5 137.191 320.351 
3 48 70 87 210.634 384.915 4 185.36 370.904 5 136.539 354.738 
2 79 80 84 211.002 297.484 4 185.444 283.045 
2 103 127 143 213.121 468.583 4 197.913 451.67 
2 48 71 89 213.51 358.923 4 188.165 345.22 
2 48 71 89 213.51 358.923 4 188.165 345.22 
2 48 74 98 213.757 326.804 4 187.937 312.844 
3 26 38 45 214.059 382.559 4 189.059 368.557 5 163.083 345.53 
3 254 253 241 215.889 294.174 4 190.62 279.901 5 144.966 257.898 
2 25 32 36 216.505 355.335 4 191.586 341.833 
3 25 32 36 216.505 355.335 4 191.586 341.833 5 142.483 323.823 
2 54 58 65 216.843 302.881 4 191.527 289.232 
2 61 77 93 217.536 350.714 4 192.631 336.956 
2 120 128 130 217.925 272.996 4 191.963 259.606 
2 109 130 147 218.003 472.794 4 204.313 455.471 
2 70 90 108 219.221 335.65 4 194.243 322 
2 173 178 166 219.919 258.062 4 194.017 244.419 
2 88 88 90 220.314 294.634 4 194.983 281.082 
2 104 109 108 220.452 316.357 4 195.744 303.085 
2 54 58 66 221.773 335.157 4 196.819 321.503 
2 71 97 120 221.894 323.312 4 196.827 310.32 
2 38 38 31 222.667 465.643 5 120.35 440.453 
2 255 255 255 222.743 198.258 4 195.002 182.695 
2 58 81 103 222.846 382.201 4 185.36 370.904 
2 58 81 103 222.846 382.201 4 198.698 368.339 
3 106 129 146 224.43 468.816 4 210.893 452.061 5 140.984 443.967 
2 192 199 200 224.611 230.411 4 198.52 217.71 
2 95 94 94 225.194 289.434 4 200.554 275.889 
2 134 156 171 225.501 537.351 4 235.345 510.626 
2 58 93 121 226.301 266.508 4 201.24 253.32 
2 20 31 36 226.824 379.737 4 202.938 365.402 
2 17 18 29 227.061 474.949 4 213.767 457.277 
2 107 112 119 227.305 233.973 4 201.911 220.748 
2 125 145 175 227.59 198.046 4 199.965 183.083 
2 125 123 127 227.668 226.059 4 201.888 213.199 
2 42 46 50 228.105 430.695 4 205.556 414.938 
2 13 16 22 228.33 463.71 4 215.06 447.528 
2 92 90 90 228.705 341.682 4 205.074 328.114 
2 232 226 207 228.93 274.43 4 204.241 261.405 
2 115 137 153 229.977 474.115 5 128.081 455.939 
2 22 27 33 230.032 350.383 4 205.72 337.696 
3 160 161 144 230.486 314.854 4 206.25 301.64 5 156.46 280.483 
3 163 167 162 231.049 255.507 4 205.925 242.392 5 159.658 216.87 
3 108 129 145 231.127 468.981 4 217.639 451.923 5 130.202 443.892 
2 215 213 197 232.215 266.199 4 207.551 253.214 
3 174 179 179 232.88 246.895 4 207.898 233.925 5 161.26 207.68 
2 148 146 133 232.912 295.267 5 159.613 259.396 
2 76 90 101 233.296 570.667 4 254.414 535.158 
2 156 153 152 233.32 218.784 4 207.87 206.115 
2 255 255 255 233.502 236.997 4 208.681 223.88 
3 60 61 65 235.41 363.87 4 212.14 350.725 5 158.465 332.383 
2 165 205 229 235.518 185.525 4 208.071 171.311 
2 54 56 61 236.518 338.744 4 212.842 325.192 
2 252 252 251 236.943 218.266 4 212.138 205.238 
2 68 91 109 237.038 378.96 4 213.682 365.601 
2 68 91 109 237.038 378.96 4 213.682 365.601 
2 81 106 124 237.271 288.01 4 212.977 276.006 
2 46 48 52 237.536 381.909 4 214.377 368.405 
2 14 22 24 241.034 412.542 4 217.042 398.207 
2 46 48 53 241.23 409.384 4 219.182 394.781 
3 29 42 42 241.591 375.322 4 202.938 365.402 5 163.083 345.53 
2 115 120 121 241.692 278.429 4 217.956 266.071 
2 229 224 217 241.693 223.775 4 217.304 210.941 
2 113 113 109 243.365 316.005 4 219.898 303.849 
2 75 76 80 243.692 333.012 4 220.893 320.245 
2 26 32 44 243.881 285.136 4 220.09 273.428 
2 26 32 44 243.881 285.136 4 220.09 273.428 
2 33 51 52 244.008 355.416 4 220.589 340.699 
2 28 37 40 244.12 344.851 4 221.101 332.207 
3 255 255 255 244.15 179.345 4 217.903 165.556 5 331.042 77.3662 
2 254 254 254 244.19 256.862 5 170.767 217.767 
3 254 254 254 244.19 256.862 4 273.461 225.369 5 170.767 217.767 
2 164 160 138 244.266 338.326 4 221.428 325.277 
2 164 160 138 244.266 338.326 4 221.428 325.277 
2 122 123 115 244.737 309.983 4 221.473 297.692 
2 167 163 162 245.445 213.023 4 221.119 200.105 
2 20 28 30 245.624 450.326 4 234.116 435.011 
2 186 184 179 245.666 248.279 4 221.15 235.563 
2 119 126 127 245.844 295.9 4 222.211 283.759 
3 129 162 192 246.522 182.404 4 219.815 168.191 5 181.549 140.016 
3 213 211 205 246.768 239.284 4 222.686 226.024 5 173.198 195.804 
3 101 126 142 247.574 468.731 4 235.187 451.863 5 140.984 443.967 
2 255 255 253 247.931 218.479 4 224.011 205.698 
2 73 91 97 248.005 460.547 4 235.989 444.636 
2 16 25 26 248.802 417.414 4 225.973 402.863 
2 86 108 123 248.894 453.546 4 236.984 438.081 
2 86 108 123 248.894 453.546 4 236.984 438.081 
2 82 95 110 249.087 255.108 5 175.004 215.878 
2 87 110 131 249.126 303.922 5 172.135 268.855 
2 21 24 34 249.873 480.928 4 301.952 476.378 
2 21 24 34 249.873 480.928 4 301.952 476.378 
2 96 117 136 250.123 292.705 4 226.946 281.265 
2 54 57 61 250.367 373.295 4 227.922 360.234 
2 101 115 127 250.372 284.154 4 226.953 272.339 
2 101 115 127 250.372 284.154 4 226.953 272.339 
2 98 102 111 250.748 261.087 4 227.124 249.16 
2 57 63 72 251.579 367.04 4 172.106 359.523 
2 171 169 153 252.358 269.942 4 229.598 257.857 
2 171 169 153 252.358 269.942 4 229.598 257.857 
2 111 110 120 253.368 215.245 5 179.679 173.088 
3 71 96 113 253.609 375.135 4 231.135 362.304 5 189.671 339.55 
3 71 96 113 253.609 375.135 4 231.135 362.304 5 173.067 344.094 
3 57 61 70 253.708 314.225 4 230.502 302.787 5 175.839 278.805 
3 40 51 69 254.738 221.713 4 230.736 210.372 5 181.641 179.77 
2 112 118 127 254.789 199.196 4 230.871 187.681 
2 59 63 71 254.97 332.729 4 232.534 320.643 
2 83 108 122 255.303 461.471 4 243.312 445.787 
2 127 135 136 256.165 272.151 4 233.154 260.894 
2 147 140 141 256.406 216.53 4 232.723 205.405 
2 255 254 255 256.466 175.478 5 278.509 98.3146 
2 48 85 109 257.017 300.765 5 143.252 289.068 
3 238 235 227 257.372 204.409 4 233.793 192.663 5 183.905 160.435 
3 132 155 171 257.428 536.933 4 262.44 509.96 5 33.767 531.573 
2 85 90 98 258.303 328.473 4 235.634 316.999 
2 254 254 253 259.166 222.416 4 235.244 211.534 
2 83 88 94 259.207 317.752 4 236.627 306.41 
2 33 53 56 259.491 372.095 5 195.36 336.187 
2 227 224 208 259.845 259.809 4 237.095 248.231 
2 35 60 61 259.875 439.825 4 237.961 424.326 
2 254 253 250 261.342 234.763 4 237.959 222.94 
3 24 34 37 261.724 338.465 4 239.195 327.045 5 181.335 305.175 
2 24 34 37 261.724 338.465 5 181.335 305.175 
2 255 255 253 261.842 223.932 4 238.539 212.377 
2 255 255 253 261.842 223.932 4 238.539 212.377 
2 33 57 59 261.937 438.012 4 240.672 422.83 
3 82 92 101 262.15 322.133 4 239.773 310.953 5 182.579 288.044 
3 82 92 101 262.15 322.133 4 239.773 310.953 5 182.579 288.044 
2 253 253 253 262.393 172.939 4 236.404 159.312 
2 33 58 59 263.428 429.903 4 241.907 414.833 
2 254 254 253 263.805 202.485 4 240.1 191.864 
2 68 74 80 263.811 352.959 4 241.444 340.99 
2 79 99 121 263.931 320.814 4 241.649 309.534 
2 123 133 139 263.997 272.639 4 241.189 261.931 
2 52 60 68 264.464 469.435 4 251.28 452.878 
2 61 69 75 264.952 472.526 5 196.379 458.01 
2 131 155 167 266.064 538.013 4 270.517 509.9 
2 53 56 61 266.381 406.65 4 244.797 392.865 
3 122 132 141 266.446 272.322 4 243.846 261.988 5 188.158 234.776 
2 60 66 77 266.964 322.742 4 244.896 311.739 
2 61 66 76 267.038 330.278 5 186.705 296.559 
3 89 91 94 267.234 343.686 4 245.357 330.895 5 186.365 309.346 
2 216 203 196 268.353 242.552 4 246.174 231.579 
2 14 25 27 268.704 410.941 4 247.201 397.03 
2 55 64 73 268.822 473.481 4 258.995 457.197 
2 67 72 85 269.051 302.716 4 246.769 292.197 
2 11 18 20 270.349 445.168 4 248.908 429.716 
3 41 49 68 270.906 207.19 4 247.727 197.461 5 181.641 179.77 
3 41 49 68 270.906 207.19 4 247.727 197.461 5 196.454 162.755 
2 74 78 86 271.055 343.682 4 249.313 330.872 
2 74 78 86 271.055 343.682 4 249.313 330.872 
2 37 65 68 271.083 440.907 4 249.457 425.847 
2 37 65 68 271.083 440.907 4 249.457 425.847 
2 35 39 44 271.269 468.428 5 164.441 443.623 
3 137 129 127 271.292 249.643 4 249.434 238.942 5 194.512 208.074 
3 64 67 76 271.467 346.118 4 249.877 334.602 5 189.653 313.493 
2 252 252 249 272.422 193.973 4 250.183 182.8 
2 115 138 154 272.672 479.001 4 262.529 462.1 
2 63 67 76 273.12 327.538 4 251.367 316.515 
2 255 255 255 273.476 232.641 4 250.654 222.48 
2 114 138 152 273.623 484.91 5 120.529 455.781 
2 60 68 78 274.314 471.926 5 167.014 448.374 
2 252 251 250 274.921 247.549 4 253.065 237.07 
2 199 196 194 275.009 179.576 4 253.002 168.881 
3 64 68 78 275.268 320.026 4 253.444 309.167 5 566.198 137.3 
2 253 253 253 275.987 207.448 4 253.127 197.95 
2 21 23 32 276.705 487.888 4 265.978 468.879 
2 210 210 213 276.993 227.161 4 254.681 217.336 
3 83 89 98 277.848 327.094 4 256.625 315.962 5 195.673 292.346 
2 138 153 161 278.589 252.968 4 256.787 243.181 
3 37 51 56 278.595 263.081 4 256.33 254.133 5 199.156 224.162 
2 211 210 207 278.942 241.742 4 257.498 231.683 
2 112 116 122 279.405 304.144 4 257.998 293.406 
3 59 65 70 279.628 404.942 4 258.739 391.459 5 193.951 376.161 
2 108 118 125 280.004 293.588 4 258.092 283.615 
2 179 185 192 280.324 236.586 4 256.745 221.144 
2 29 41 43 281.206 331.779 4 259.724 320.937 
2 60 69 80 281.83 472.972 4 241.804 452.083 
2 150 158 160 281.951 272.427 4 259.998 262.939 
2 69 73 80 282.077 389.779 4 261.082 377.094 
3 81 86 100 283.414 249.982 4 262.297 239.097 5 204.587 209.016 
2 75 79 88 283.56 373.89 4 261.845 362.387 
2 30 42 45 283.658 415.147 5 197.568 387.629 
3 88 97 107 284.671 344.991 4 263.762 333.871 5 201.458 312.339 
2 87 103 114 284.885 336.373 4 263.462 325.568 
3 97 112 126 285.947 547.628 4 291.347 518.009 5 100.877 531.506 
3 93 102 112 287.077 326.185 4 265.748 315.57 5 204.062 292.964 
2 95 110 121 287.181 557.973 4 296.121 525.946 
3 92 113 114 288.167 411.88 4 266.595 398.092 5 202.187 383.4 
2 66 73 84 288.461 554.605 4 295.819 523.15 
2 66 73 84 288.461 554.605 4 295.819 523.15 
2 136 123 135 289.049 164.082 5 212.779 114.165 
2 136 123 135 289.049 164.082 5 212.779 114.165 
3 124 133 141 289.397 270.855 4 267.98 262.026 5 207.96 232.947 
2 61 80 100 289.487 190.966 4 267.475 182.512 
3 61 80 100 289.487 190.966 4 267.475 182.512 5 213.199 143.7 
2 246 240 221 289.662 258.447 4 268.623 248.993 
2 108 118 126 289.827 298.386 4 268.638 289.036 
2 48 54 65 290.636 473.962 4 278.422 457.202 
3 254 249 234 291.014 255.255 4 270.673 245.152 5 211.625 213.103 
2 184 186 185 291.268 172.112 4 269.416 163.438 
2 120 129 137 291.626 284.075 5 209.392 246.292 
2 141 137 142 292 228.662 4 270.799 219.307 
2 210 210 205 292.331 183.476 4 270.684 174.469 
2 210 210 205 292.331 183.476 4 270.684 174.469 
2 145 153 157 293.426 267.921 4 272.053 259.444 
3 80 98 123 294.117 294.564 4 272.989 285.302 5 211.344 257.468 
3 252 252 250 294.204 234.92 4 273.461 225.369 5 214.978 191.084 
3 80 99 123 294.655 285.224 4 273.22 275.881 5 212.291 247.494 
3 82 100 124 295.085 278.94 4 273.721 269.894 5 213.157 240.396 
2 253 253 253 296.293 193.109 4 274.607 184.416 
3 253 253 253 296.293 193.109 4 274.607 184.416 5 214.978 191.084 
3 85 106 127 296.648 316.556 4 275.149 306.699 5 213.993 281.746 
3 85 106 127 296.648 316.556 4 275.149 306.699 5 213.993 281.746 
2 70 79 95 297.421 374.733 4 275.992 362.731 
2 81 95 121 297.787 257.868 4 549.507 390.94 
2 29 39 26 299.088 462.629 4 281.728 446.331 
2 114 137 150 299.859 489.95 4 291.951 471.628 
3 84 104 129 300.005 234.924 4 278.834 226.421 5 219.918 192.122 
2 229 230 232 300.193 176.073 4 278.977 167.516 
2 84 104 130 300.955 225.927 4 279.969 217.604 
2 37 43 51 301.965 472.64 4 286.294 455.305 
2 128 120 99 302.121 517.039 4 298.278 493.699 
2 91 107 135 303.225 184.717 4 281.929 176.969 
3 82 100 121 305.787 319.554 4 284.133 309.579 5 224.562 285.327 
3 93 111 141 305.821 163.513 4 284.195 155.927 5 227.806 113.97 
2 56 53 37 306.149 416.444 4 283.699 402.58 
3 49 51 60 306.833 397.126 4 284.963 384.152 5 223.411 368.938 
2 34 38 46 306.852 473.039 5 164.441 443.623 
2 69 81 100 307.121 323.069 5 226.19 289.305 
2 119 140 154 307.774 485.946 4 262.529 462.1 
3 98 121 149 309.323 209.881 4 287.814 202.065 5 231.582 165.57 
2 98 121 149 309.323 209.881 5 231.582 165.57 
3 96 119 150 309.716 153.124 4 286.402 142.21 5 233.391 102.618 
2 96 119 150 309.716 153.124 5 233.391 102.618 
2 139 154 156 309.829 515.865 5 129.186 500.906 
2 134 159 175 310.104 394.166 4 288.458 381.429 
2 134 159 175 310.104 394.166 4 288.458 381.429 
3 88 103 123 310.549 326.844 4 288.76 316.814 5 229.911 293.412 
3 88 103 123 310.549 326.844 4 288.76 316.814 5 229.911 293.412 
2 17 21 30 312.183 496.54 4 301.952 476.378 
2 12 16 22 312.974 478.48 4 303.083 461.521 
2 12 15 19 314.618 464.162 4 303.724 447.153 
2 11 13 18 314.856 458.135 4 304.303 442.234 
2 121 144 156 315.557 496.313 5 128.081 455.939 
2 78 97 123 316.294 294.822 5 237.751 259.093 
2 97 109 117 316.689 584.773 5 270.115 586.933 
2 68 82 93 317.461 478.518 4 241.804 452.083 
3 89 103 112 317.692 587.833 4 187.777 586.019 5 270.115 586.933 
2 77 96 121 317.895 218.196 5 241.358 175.273 
2 120 141 157 318.459 488.611 4 307.189 470.05 
2 79 99 124 318.586 229.585 4 297.021 221.874 
2 17 23 25 318.637 411.98 4 296.648 398.329 
2 95 116 132 319.08 469.314 4 271.802 448.985 
3 255 255 255 320.569 146.971 4 293.384 138.911 5 259.794 96.5516 
3 255 255 255 320.79 147.674 4 293.384 138.911 5 259.794 96.5516 
3 101 125 154 321.128 181.934 4 299.41 174.389 5 246.297 135.613 
2 98 122 149 322.772 216.181 4 300.924 208.514 
2 80 100 124 323.077 238.417 4 301.01 230.502 
2 80 100 124 323.077 238.417 4 301.01 230.502 
3 83 103 131 323.17 185.561 4 301.453 178.046 5 248.557 139.392 
3 83 103 131 323.17 185.561 4 301.453 178.046 5 248.557 139.392 
2 73 87 98 324.336 522.282 4 319.041 497.984 
2 33 41 32 324.763 465.602 4 288.419 447.16 
3 90 112 134 325.667 296.152 4 303.568 287.221 5 248.229 260.783 
2 57 65 76 327.837 485.003 5 210.485 463.168 
2 11 12 14 327.977 429.953 4 301.764 415.165 
2 18 26 24 328.49 412.446 4 310.932 399.274 
2 86 88 92 328.496 533.97 4 324.2 507.702 
2 144 191 218 328.839 154.17 4 304.636 145.625 
2 97 117 141 329.125 269.638 5 252.859 232.169 
2 97 117 141 329.125 269.638 4 306.706 261.366 
2 86 102 115 329.436 525.586 5 148.834 514.207 
2 95 116 143 330.039 255.567 4 308.092 247.631 
2 56 65 56 331.53 450.966 4 515.559 255.009 
2 97 122 152 331.939 184.468 4 310.964 175.731 
2 84 94 101 332.23 480.892 4 316.371 462.522 
2 92 114 142 332.348 206.674 5 258.597 163.472 
3 92 114 142 332.348 206.674 4 310.179 199.192 5 258.597 163.472 
2 101 127 157 334.13 185.451 4 312.185 178.187 
3 101 127 157 334.13 185.451 4 312.185 178.187 5 261.545 140.363 
3 84 82 81 334.661 533.039 4 324.2 507.702 5 152.879 522.91 
3 77 96 121 335.347 223.498 4 313.047 215.95 5 261.567 181.904 
3 94 117 141 335.49 244.791 4 313.18 237.099 5 260.946 205.372 
2 35 38 41 336.262 475.764 4 320.029 457.995 
2 255 255 255 336.31 128.978 4 311.054 119.528 
3 55 61 69 336.466 485.03 4 320.906 466.154 5 219.138 463.121 
2 28 32 27 336.706 412.791 4 317.658 399.432 
2 74 71 66 337.147 532.485 5 152.879 522.91 
2 66 67 50 337.599 454.183 4 325.439 438.241 
2 102 116 126 339.413 537.872 5 158.941 528.534 
2 28 41 24 339.62 466.73 4 322.683 449.838 
3 252 252 252 339.776 143.036 4 315.982 132.93 5 278.509 98.3146 
3 80 99 125 339.829 225.451 4 317.333 218.029 5 266.646 184.458 
2 113 131 158 342.047 145.487 4 342.879 127.418 
2 57 62 67 342.186 532.896 5 160.372 523.629 
2 96 120 150 342.568 189.658 5 271.22 145.434 
2 18 23 21 343.263 417.621 4 323.819 404.121 
2 100 127 154 343.986 241.405 4 321.483 234.02 
2 100 127 154 343.986 241.405 4 321.483 234.02 
2 84 104 129 344.432 221.88 4 321.404 214.725 
2 32 47 28 345.634 466.953 4 327.844 449.943 
3 94 111 123 345.66 536.859 4 339.329 510.045 5 158.941 528.534 
2 254 253 254 347.37 139.595 4 236.404 159.312 
2 83 106 132 347.654 273.808 5 505.474 292.02 
2 53 57 65 348.036 480.684 4 330.523 462.225 
2 56 60 68 348.474 482.136 4 330.944 463.381 
3 100 126 153 348.497 242.428 4 325.876 234.867 5 276.165 203.6 
2 83 102 127 348.721 283.829 4 325.678 275.454 
2 115 92 53 349.478 368.121 4 326.167 362.398 
2 112 138 167 349.88 142.501 4 351.316 124.541 
2 87 107 134 349.913 237.904 5 277.837 198.567 
2 84 105 133 351.409 240.478 4 328.419 232.805 
2 100 122 151 352.202 184.093 4 329.729 176.972 
2 100 123 149 352.383 192.321 4 329.744 185.263 
2 117 167 201 352.946 259.57 4 330.044 251.832 
2 118 167 199 354.331 257.49 4 349.375 262.326 
2 67 69 51 355.352 454.094 4 335.963 438.076 
2 81 96 121 358.145 169.806 5 290.386 125.189 
2 51 63 43 359.225 461.986 4 340.068 445.356 
3 92 107 118 360.051 535.94 4 351.228 509.195 5 158.941 528.534 
2 63 69 83 360.366 196.054 4 337.527 189.181 
3 21 32 17 360.439 467.287 4 327.844 449.943 5 290.761 443.858 
2 252 252 252 364.069 133.868 5 304.029 88.3189 
3 120 166 199 364.159 249.242 4 340.845 243.486 5 294.743 213.1 
2 63 72 84 365.876 197.816 5 660.383 546.886 
2 34 39 44 366.181 529.395 4 356.032 503.892 
2 244 255 255 368.002 92.7362 4 345.128 85.2581 
2 87 107 129 368.22 182.705 4 346.156 176.927 
2 120 141 156 368.736 498.306 4 352.773 478.098 
2 120 141 156 368.771 498.459 4 352.773 478.098 
2 87 101 111 369.286 587.357 4 526.707 586.158 
3 92 108 117 369.329 534.107 4 358.935 507.663 5 199.005 524.398 
3 235 245 249 371.197 169.381 4 347.11 162.2 5 285.402 116.937 
2 141 171 200 371.661 274.163 4 349.375 262.326 
2 124 169 202 371.718 261.357 4 349.532 256.322 
2 221 231 239 372.238 140.362 4 350.334 131.657 
2 67 85 103 372.542 469.852 4 352.875 452.857 
3 67 85 103 372.542 469.852 4 352.875 452.857 5 25.9152 398.628 
3 113 161 192 372.597 204.6 4 349.837 198.099 5 305.552 163.73 
3 90 114 129 373.113 469.189 4 353.208 452.168 5 236.95 446.195 
2 117 164 200 374.456 234.42 4 350.914 227.352 
3 112 162 194 374.471 239.16 4 350.887 232.087 5 306.302 201.554 
2 71 84 108 376.105 276.038 4 352.162 268.329 
2 75 87 116 376.832 262.127 5 505.474 292.02 
2 86 101 126 377.051 267.273 4 353.044 259.677 
3 79 102 127 377.15 237.418 4 353.704 230.457 5 309.437 199.503 
2 77 94 118 378.07 225.433 4 354.601 218.497 
2 82 92 114 378.623 206.808 4 355.293 200.111 
2 30 42 26 378.692 467.004 4 358.243 449.901 
3 101 122 143 382.075 202.364 4 358.813 195.876 5 316.447 161.902 
2 19 24 22 382.163 428.664 4 359.486 414.886 
2 148 168 179 382.484 502.316 4 369.708 480.619 
3 25 29 33 383.582 475.492 4 363.312 457.722 5 464.412 348.322 
2 67 75 68 383.736 455.846 4 361.076 439.969 
3 74 90 115 386 253.063 4 362.002 245.923 5 319.17 217.126 
2 74 90 115 386 253.063 5 319.17 217.126 
2 39 45 53 386.128 519.038 4 373.086 495.098 
2 25 33 20 386.857 466.908 5 290.761 443.858 
3 221 235 240 388.428 175.664 4 364.521 169.165 5 327.384 133.922 
2 34 41 51 390.285 480.176 4 387.532 464.925 
2 23 31 19 391.249 466.631 5 290.761 443.858 
2 50 52 34 391.32 406.467 4 368.567 394.907 
2 89 108 130 391.489 238.284 5 325.541 200.822 
2 89 108 130 391.489 238.284 4 367.054 231.037 
3 95 110 128 392.69 198.833 4 368.947 192.45 5 328.703 158.364 
3 106 123 138 394.053 184.519 4 370.926 178.51 5 330.826 142.889 
2 148 168 178 395.035 513.152 4 380.904 489.773 
2 148 168 178 395.035 513.152 4 380.904 489.773 
2 164 203 221 395.122 158.708 5 334.965 115.538 
2 129 151 165 398.456 491.065 4 384.698 471.151 
2 165 197 220 399.165 150.417 4 375.52 143.954 
3 174 212 229 400.382 170.279 4 375.005 163.39 5 338.156 127.574 
2 31 35 37 400.52 521.2 4 387.17 496.464 
2 31 35 37 400.52 521.2 4 387.17 496.464 
2 14 17 22 401.528 504.903 4 387.422 482.787 
2 78 87 91 402.465 529.893 4 515.307 180.875 
3 179 207 221 403.499 136.307 4 406.087 124.634 5 370.734 83.9829 
2 160 188 202 403.992 151.786 4 380.385 145.342 
2 45 78 87 404.363 435.982 4 377.391 422.077 
2 19 28 20 404.474 459.47 4 380.781 442.661 
2 87 73 31 405.096 406.512 4 381.395 395.145 
2 140 155 168 405.602 512.914 4 391.611 489.362 
3 123 132 132 406.822 200.849 4 383.255 193.64 5 346.622 161.527 
2 230 230 231 408.57 116.533 5 350.428 70.0396 
2 70 83 102 408.796 233.366 5 347.986 196.392 
2 20 25 31 408.975 497.272 4 394.461 475.935 
2 155 158 166 409.054 511.279 4 394.729 487.829 
2 92 106 114 409.681 587.318 4 526.707 586.158 
2 19 22 23 410.718 440.505 4 383.212 427.717 
2 63 79 99 410.813 257.965 4 384.522 249.519 
3 172 209 224 413.484 184.292 4 389.352 178.38 5 353.17 144.106 
2 28 40 63 415.85 255.138 5 353.087 220.962 
2 13 16 24 415.867 508.039 4 401.046 485.405 
2 43 56 36 417.352 463.107 4 393.378 446.508 
2 33 48 73 417.575 193.905 4 393.16 188.158 
2 27 30 25 417.671 415.075 4 393.783 402.965 
2 27 30 25 417.671 415.075 4 393.783 402.965 
2 78 132 147 417.869 279.066 4 392.068 271.656 
3 74 132 151 417.914 252.488 4 392.975 245.821 5 355.542 218.19 
2 21 25 30 419.39 499.275 4 403.262 477.544 
2 21 25 30 419.39 499.275 4 403.262 477.544 
3 83 137 153 421.061 218.238 4 395.96 212.086 5 361.547 182.072 
2 110 168 203 421.106 194.955 4 396.556 189.351 
2 82 78 31 421.248 418.911 4 396.431 406.403 
2 45 70 90 421.441 274.816 4 395.245 267.921 
2 178 208 221 422.395 150.29 4 398.51 144.93 
2 25 28 19 423.184 427.425 4 398.415 413.665 
2 124 177 192 424.554 286.773 4 398.153 279.529 
3 61 73 81 424.595 522.089 4 406.6 497.254 5 258.632 508.629 
2 15 18 22 424.761 414.802 4 399.641 402.393 
2 15 18 22 424.761 414.802 4 399.641 402.393 
2 78 136 166 424.871 271.125 4 398.56 265.018 
2 77 134 164 424.971 256.063 4 398.826 249.61 
2 99 163 187 425.271 250.56 4 399.189 244.47 
2 15 15 22 426.945 375.493 5 152.879 522.91 
2 28 44 63 427.66 252.906 4 401.463 246.844 
2 29 45 59 427.669 273.924 4 401.054 267.302 
2 29 45 59 427.669 273.924 4 401.054 267.302 
2 29 45 59 427.669 273.924 4 401.054 267.302 
2 111 167 204 427.957 199.228 4 403.345 194.345 
2 17 23 24 429.723 447.566 4 401.153 432.054 
2 36 57 76 430.372 294.367 4 403.621 285.232 
2 16 15 22 430.924 502.338 4 414.44 479.85 
2 51 56 32 431.606 427.841 4 405.619 414.098 
2 22 25 24 431.907 424.089 4 406.603 410.622 
2 66 83 95 432.027 507.222 4 415.135 484.281 
2 38 61 84 432.042 271.852 4 405.275 265.324 
2 194 222 228 432.143 161.146 4 408.512 156.771 
2 140 186 215 432.201 213.675 4 407.125 208.224 
2 55 94 118 432.341 253.497 4 405.324 247.921 
2 156 175 189 432.916 141.441 4 381.383 144.985 
2 36 47 57 433.426 518.279 4 416.521 493.49 
2 96 109 118 435.101 587.981 5 270.115 586.933 
2 249 252 252 435.295 106.121 4 392.588 108.106 
2 18 23 30 435.864 475.129 4 416.658 457.348 
2 27 31 34 436.731 489.261 4 420.152 468.596 
3 27 31 34 437.184 489.799 4 420.152 468.596 5 275.337 472.608 
2 39 46 29 440.523 427.646 4 414.175 413.872 
2 34 55 68 440.751 356.642 4 413.693 351.82 
2 156 191 213 441.076 266.107 4 414.433 259.787 
2 137 181 210 441.34 255.185 5 419.091 77.5848 
2 163 200 223 441.377 244.909 4 415.491 238.549 
2 9 12 17 441.882 516.913 5 223.411 368.938 
2 130 159 181 442.094 138.274 4 418.405 133.88 
2 109 140 163 442.297 497.48 4 424.235 475.927 
2 187 212 226 444.01 283.935 4 417.601 276.984 
2 157 190 212 444.148 267.876 5 445.985 315.303 
3 5 8 13 444.157 505.166 4 426.391 483.183 5 278.801 491.927 
2 36 48 49 445.089 451.771 4 415.433 436.899 
2 243 252 253 445.295 102.192 4 392.588 108.106 
2 15 19 22 445.699 420.327 4 418.798 407.864 
2 102 130 162 447.707 103.779 5 414.003 47.4409 
2 10 14 19 449.862 448.896 4 419.87 434.136 
3 6 9 14 451.018 497.537 4 431.974 475.872 5 288.296 483.134 
2 148 188 209 451.48 139.137 4 427.372 135.531 
2 61 79 94 452.846 490.448 5 293.001 474.063 
2 10 13 19 457.127 451.069 4 426.474 435.55 
2 187 215 229 457.3 277.121 4 431.082 270.569 
2 73 70 29 457.391 410.246 4 430.334 398.33 
3 10 13 18 457.717 446.095 4 427.248 430.878 5 392.673 423.082 
2 10 13 18 459.259 441.423 4 428.786 426.447 
2 14 17 21 461.753 417.416 4 433.952 404.62 
2 14 17 21 461.753 417.416 4 433.952 404.62 
2 156 189 204 462.149 118.754 4 441.062 114.411 
2 165 195 213 462.624 183.075 5 404.546 143.056 
2 49 72 70 462.858 469.238 4 437.438 452.748 
2 10 13 18 463.173 516.497 4 441.836 491.924 
2 22 30 33 464.578 374.135 4 433.543 363.088 
3 193 224 227 464.608 149.075 4 439.319 146.31 5 405.873 108.199 
2 193 224 227 464.608 149.075 5 405.873 108.199 
3 25 30 36 464.695 438.761 4 433.929 424.119 5 400.59 415.898 
2 110 152 185 464.892 165.029 4 440.072 161.643 
2 237 246 245 466.472 94.2106 4 392.588 108.106 
3 173 204 221 466.742 269.128 4 417.968 266.27 5 403.357 286.168 
2 176 205 221 466.791 241.831 5 405.857 207.344 
2 80 74 35 466.858 407.932 4 438.612 395.98 
2 221 231 233 466.881 161.811 4 441.925 158.596 
2 168 194 215 466.883 246.444 5 403.357 286.168 
2 8 10 14 467.274 517.345 5 309.433 506.692 
3 185 200 211 467.452 301.651 4 472.349 277.984 5 441.924 255.908 
2 149 183 205 467.786 334.369 4 422.472 265.436 
2 126 175 194 467.843 373.77 4 438.016 363.57 
2 141 177 197 467.916 338.675 4 417.968 266.27 
2 79 85 91 468.109 520.157 5 310.194 510.356 
3 75 81 86 472.513 518.102 4 450.022 493.367 5 317.147 507.685 
2 75 81 86 472.513 518.102 5 317.147 507.685 
2 113 151 180 473.575 162.181 4 448.197 159.369 
2 93 138 175 474.308 197.876 5 415.138 159.663 
3 150 191 211 474.448 157.756 4 449.249 154.791 5 417.255 115.4 
2 163 200 222 474.475 237.94 4 447.656 233.665 
2 132 184 210 474.625 203.381 5 415.696 165.914 
2 135 176 200 474.849 123.098 5 419.091 77.5848 
2 131 176 206 474.874 192.679 5 416.292 153.883 
3 177 210 225 474.959 275.782 4 447.58 271.831 5 412.744 244.677 
2 166 205 220 474.966 270.32 4 447.643 264.421 
3 171 200 214 475.111 259.159 4 448.024 253.658 5 412.261 277.116 
2 75 121 134 475.128 474.755 4 451.009 456.52 
2 166 197 213 475.138 248.448 4 448.191 243.251 
2 74 88 98 475.391 560.764 4 455.55 526.316 
3 139 180 207 475.496 181.694 4 449.975 178.109 5 417.315 141.629 
2 55 59 62 475.5 528.432 5 319.933 520.026 
2 154 183 198 475.53 280.398 5 412.323 249.319 
2 198 211 210 475.611 291.618 4 447.634 284.342 
2 223 233 235 475.881 89.8523 4 451.826 87.9093 
2 117 155 184 475.971 172.163 5 417.79 131.058 
2 13 14 20 476 416.135 4 447.226 404.028 
2 143 180 196 476.188 94.6568 5 421.622 46.8333 
2 64 70 73 476.296 520.539 5 322.589 510.705 
2 64 70 73 476.296 520.539 5 322.589 510.705 
2 6 7 12 476.774 501.788 5 326.801 489.712 
2 130 177 208 476.953 194.669 5 418.467 156.262 
2 11 9 17 477.171 517.794 5 323.907 507.157 
2 30 44 46 478.313 463.321 4 453.916 446.46 
2 0 0 0 478.344 590.815 5 112.316 591.946 
3 53 97 146 478.843 92.5484 4 454.822 90.6704 5 424.905 44.5771 
3 51 52 54 478.965 520.925 4 455.377 495.954 5 325.986 511.23 
2 51 100 143 479.33 126 5 423.915 81.3733 
2 55 103 148 479.696 196.803 5 421.054 158.495 
2 47 107 157 479.821 162.051 4 454.347 158.988 
2 46 81 127 480.324 176.108 4 454.498 173.407 
2 46 81 127 480.324 176.108 5 422.683 135.872 
2 30 42 46 480.793 462.601 4 453.916 446.46 
3 76 150 185 481.542 131.666 4 456.662 129.377 5 424.033 164.974 
3 49 113 163 481.994 164.124 4 456.577 161.742 5 425.035 123.108 
3 86 160 192 482.067 158.66 4 456.683 156.348 5 425.713 117.362 
2 47 102 148 482.258 126.976 4 457.268 124.825 
2 73 87 100 482.424 559.04 4 461.174 524.899 
3 97 166 196 482.503 202.561 4 456.662 129.377 5 424.033 164.974 
3 74 147 185 482.549 146.031 4 457.354 144.247 5 426.578 104.478 
2 72 138 189 482.668 180.233 4 456.706 177.526 
2 81 144 191 482.93 194.919 4 456.685 191.975 
2 144 191 211 483.331 239.122 5 423.413 204.775 
3 8 10 15 483.469 515.625 4 459.597 491.849 5 332.607 505.413 
2 98 109 118 483.587 586.764 4 757.183 589.458 
2 130 177 200 483.612 245.735 5 423.435 212.27 
2 58 108 156 483.756 197.673 5 424.968 159.381 
2 138 181 209 483.793 268.602 4 456.11 263.598 
2 147 185 213 484.039 277.806 4 456.207 272.588 
3 49 72 106 484.059 95.3853 4 459.828 93.5083 5 430.568 47.7131 
2 142 188 212 484.372 240.423 5 424.91 206.62 
2 161 179 193 484.537 289.106 4 456.485 282.219 
3 125 172 202 484.803 315.638 4 456.11 263.598 5 423.435 212.27 
3 123 171 198 484.897 262.496 4 456.967 325.892 5 422.916 228.706 
2 53 77 106 485.591 178.576 5 446.038 147.153 
2 15 25 36 485.854 478.937 4 461.633 460.657 
2 46 72 109 485.912 199.041 4 459.562 196.068 
2 27 40 46 486.13 459.814 4 458.983 443.685 
2 41 58 84 486.891 243.361 4 459.49 239.321 
3 83 140 182 486.942 109.916 4 456.973 95.0819 5 433.347 63.9386 
2 141 106 81 486.954 366.889 5 705.586 475.006 
2 123 95 76 487.238 355.615 4 458.5 345.332 
2 43 61 93 487.326 265.3 5 444.523 238.946 
2 107 166 198 488.013 162.161 4 462.407 159.694 
3 100 155 191 488.022 181.943 4 461.995 179.293 5 448.346 150.48 
2 36 48 75 488.154 312.968 5 443.586 288.477 
3 36 48 75 488.154 312.968 4 459.305 306.22 5 443.586 288.477 
3 7 8 12 488.71 526.645 4 463.532 500.745 5 338.433 517.029 
2 136 174 202 489.707 246.965 4 462.147 242.826 
3 139 176 204 490.055 264.101 4 461.979 259.423 5 427.627 307.314 
3 160 195 218 490.136 241.962 4 462.641 237.905 5 430.322 208.043 
2 155 191 217 490.925 280.348 5 429.134 249.62 
3 126 170 201 491.021 311.586 4 461.935 304.933 5 430.322 208.043 
2 10 13 21 491.023 482.047 4 465.687 462.804 
2 168 182 198 491.036 286.977 4 462.423 280.494 
2 151 187 211 491.147 270.469 5 429.596 237.978 
3 131 172 200 491.237 316.108 4 462.472 309.668 5 428.11 287.239 
2 106 157 195 491.603 339.485 4 461.792 330.967 
3 129 176 206 492.075 334.446 4 462.045 326.893 5 427.627 307.314 
2 97 163 195 492.158 140.426 4 466.64 138.305 
3 84 97 105 492.237 586.438 4 526.707 586.158 5 424.554 587.28 
2 73 146 189 493.779 190.158 4 467.441 187.581 
2 134 184 211 494.03 210.544 4 466.675 206.484 
3 159 193 218 495.021 238.349 4 467.337 235.087 5 436.063 204.922 
3 100 166 198 495.702 163.736 4 469.614 161.772 5 441.165 123.949 
2 130 132 107 495.903 469.734 4 472.109 450.95 
2 136 175 204 495.943 257.989 4 467.828 252.933 
2 156 192 218 496.226 277.481 4 467.685 272.354 
2 16 25 40 497.097 463.885 4 472.904 445.911 
2 144 178 205 497.496 323.351 4 467.685 272.354 
2 121 82 61 497.632 355.724 4 467.017 344.547 
2 10 11 16 497.974 424.588 4 467.113 411.181 
2 108 105 89 498.691 383.058 4 467.515 373.346 
2 70 143 186 498.848 186.618 4 471.882 184.035 
3 45 73 108 498.902 103.507 4 487.482 109.655 5 447.359 57.8104 
2 154 189 217 500.12 280.726 4 470.722 274.802 
2 154 113 83 500.159 366.571 4 471.784 356.703 
3 49 92 129 500.346 156.446 4 473.702 154.01 5 448.961 116.624 
2 150 187 212 500.348 272.687 4 472.314 266.904 
2 128 172 204 500.595 327.265 4 470.137 319.107 
2 144 180 204 500.628 272.335 4 472.314 266.904 
3 153 187 216 500.961 283.364 4 472.349 277.984 5 441.924 255.908 
3 137 172 200 500.984 267.025 4 472.079 198.835 5 443.482 165.463 
2 53 76 106 501.628 204.658 4 474.311 201.814 
2 136 177 206 502.362 318.462 5 430.322 208.043 
2 119 171 204 502.545 336.167 4 472.432 328.812 
3 115 171 203 502.819 336.513 4 472.432 328.812 5 429.596 237.978 
2 58 77 94 502.993 455.789 4 473.866 440.186 
2 59 83 107 503.511 269.769 4 474.616 265.092 
2 59 83 107 503.511 269.769 4 474.616 265.092 
2 93 157 191 503.671 142.528 4 477.548 140.492 
2 68 119 171 504.057 181.638 4 477.165 179.92 
3 63 104 147 504.069 105.95 4 478.172 103.798 5 452.138 60.5043 
2 99 165 195 504.661 168.298 4 477.779 166.312 
2 99 165 195 504.661 168.298 4 477.779 166.312 
2 40 56 79 504.765 316.564 4 474.722 309.622 
2 40 56 79 504.765 316.564 4 474.722 309.622 
2 81 144 186 504.987 190.185 4 477.676 187.479 
2 53 77 101 505.53 339.447 5 693.343 472.773 
3 101 167 199 505.659 211.122 4 477.815 207.804 5 451.155 177.74 
3 65 129 180 505.914 126.834 4 480.434 124.236 5 454.341 85.5159 
3 152 190 216 506.716 246.606 4 478.012 242.791 5 450.617 213.019 
2 152 190 216 506.716 246.606 4 478.012 242.791 
2 43 76 94 506.809 133.316 4 480.535 130.98 
3 43 76 94 506.809 133.316 4 480.535 130.98 5 456.605 92.5113 
3 128 171 201 506.896 253.695 4 477.992 249.125 5 450.417 224.456 
3 129 170 201 507.253 267.742 4 478.018 263.28 5 449.313 284.68 
3 148 189 214 507.487 274.91 4 478.041 269.645 5 450.035 246.479 
2 34 56 73 507.736 140.017 5 458.78 99.89 
2 155 193 215 507.915 284.878 5 450.081 254.409 
3 120 165 195 508.553 314.095 4 478.182 307.805 5 449.313 284.68 
3 137 178 203 508.95 321.211 4 478.279 313.591 5 449.28 295.647 
3 32 52 69 509.39 139.943 4 483.141 138.271 5 458.78 99.89 
2 53 74 88 509.4 412.766 5 462.011 390.989 
3 31 53 70 509.529 208.339 4 481.444 205.423 5 457.559 173.897 
2 68 120 137 510.009 244.753 4 480.933 241.267 
2 27 39 56 510.287 251.142 4 481.185 247.016 
2 69 117 128 510.4 145.434 4 483.941 143.575 
3 27 39 55 510.415 177.498 4 483.165 175.084 5 458.055 139.461 
2 33 54 67 511.176 272.567 4 481.238 267.596 
3 31 53 71 511.293 208.23 4 483.182 205.462 5 457.559 173.897 
3 68 117 130 511.435 171.693 4 484.279 169.498 5 459.099 134.181 
2 28 40 56 511.861 289.546 4 481.541 283.622 
2 21 32 48 512.138 318.5 4 481.19 311.494 
2 67 116 126 512.806 213.962 4 484.493 210.752 
2 51 77 114 513.049 111.157 4 487.482 109.655 
3 62 114 131 513.868 249.387 4 484.831 245.506 5 457.9 218.161 
2 35 70 96 513.911 462.399 4 485.561 445.928 
3 29 38 55 514.152 292.328 4 483.969 286.622 5 456.364 263.236 
3 54 100 117 514.796 238.555 4 485.906 234.503 5 459.005 207.165 
3 58 107 120 514.902 277.139 4 484.907 272.114 5 457.731 247.496 
3 31 50 66 515.117 210.77 4 486.76 207.822 5 460.144 244.566 
3 60 111 128 515.441 286.963 4 485.168 281.514 5 458.015 258.442 
2 28 43 61 515.454 191.026 4 487.446 188.507 
3 23 34 52 516.816 252.98 4 487.385 248.933 5 460.337 221.614 
3 23 34 52 516.816 252.98 4 487.385 248.933 5 460.337 221.614 
3 85 125 146 517.332 175.243 4 489.968 172.773 5 464.5 137.768 
3 27 39 55 517.395 274.408 4 487.392 269.518 5 460.144 244.566 
3 71 68 48 517.594 345.677 4 485.948 337.215 5 457.424 319.895 
2 88 79 55 517.82 475.903 4 488.928 457.274 
2 37 62 84 518.741 126.545 5 468.559 85.4155 
3 29 45 64 519.331 145.71 4 492.484 143.994 5 468.383 105.684 
2 24 31 37 519.411 349.143 4 487.273 340.692 
3 24 32 50 519.651 319.913 4 488.26 312.933 5 460.287 292.682 
3 50 77 110 519.836 115.288 4 493.748 113.958 5 470.62 72.3574 
2 24 36 50 520.01 342.791 4 488.007 334.518 
2 73 110 132 520.357 251.076 4 490.793 247.333 
2 25 40 65 520.504 464.676 4 491.181 447.774 
3 23 36 54 521.078 193.422 4 492.994 191.011 5 467.942 157.597 
3 32 45 51 521.454 385.778 4 488.455 374.891 5 459.5 362.363 
2 59 43 37 521.51 470.039 4 492.006 452.237 
2 16 24 33 521.88 391.484 5 459.303 367.502 
2 16 24 33 521.88 391.484 4 489.01 380.213 
2 16 24 33 521.88 391.484 4 489.01 380.213 
2 214 221 228 522.915 120.217 5 794.588 591.953 
2 214 221 228 522.915 120.217 5 794.588 591.953 
2 38 35 27 523.165 475.07 4 493.381 456.853 
2 38 35 27 523.165 475.07 4 493.381 456.853 
2 20 31 48 523.336 255.247 4 493.448 251.064 
2 20 31 48 523.336 255.247 4 493.448 251.064 
2 44 90 121 523.43 462.402 4 494.011 446.047 
2 23 33 50 524.051 276.203 4 493.653 271.337 
2 30 45 56 524.487 292.321 4 492.604 176.191 
2 30 45 56 524.487 292.321 4 492.604 176.191 
3 55 64 82 524.903 159.989 4 497.751 157.923 5 472.41 119.598 
3 223 251 255 524.974 117.01 4 498.583 115.987 5 475.414 74.9938 
3 17 28 44 525.704 321.325 4 494.096 314.377 5 466.493 294.34 
2 90 102 106 525.97 586.877 5 270.115 586.933 
3 52 62 80 525.987 132.984 4 499.079 131.548 5 475.685 91.7865 
2 53 64 80 526.057 153.07 5 474.996 114.467 
2 55 64 80 526.388 145.766 5 475.801 105.877 
3 55 64 80 526.388 145.766 4 499.19 144.429 5 475.801 105.877 
2 21 33 43 526.535 343.515 4 494.41 335.407 
3 64 86 109 527.606 274.394 4 497.133 269.435 5 471.072 244.827 
3 48 56 75 528.043 180.454 4 499.999 178.785 5 475.955 143.71 
2 50 61 79 528.133 227.468 4 499.2 224.401 
3 49 58 74 528.27 170.34 4 500.289 168.957 5 476.934 132.197 
2 78 118 135 528.419 466.48 4 497.977 449.315 
2 78 118 135 528.419 466.48 4 497.977 449.315 
3 14 22 31 528.591 392.276 4 495.061 381.156 5 466.237 368.652 
2 14 22 31 528.591 392.276 4 495.061 381.156 
2 49 58 75 529.318 195.909 4 501.043 193.632 
3 47 57 71 529.612 264.557 4 499.461 260.337 5 473.435 234.437 
2 48 56 73 530.401 284.754 4 756.015 456.942 
2 46 55 72 531.581 279.308 4 500.91 274.831 
3 38 45 58 533.165 348.815 4 500.612 351.811 5 473.171 335.835 
2 49 59 73 533.182 260.443 5 477.359 229.89 
2 40 48 60 533.357 301.753 4 501.982 295.905 
3 35 42 54 533.673 360.973 4 500.612 351.811 5 473.171 335.835 
2 84 96 102 534.51 586.838 5 270.115 586.933 
3 35 41 53 534.629 354.624 4 501.679 346.04 5 474.12 329.255 
2 36 42 54 535.019 366.339 4 501.445 357.129 
3 33 39 51 535.548 376.901 4 502.095 366.667 5 474.073 352.725 
3 71 84 105 535.666 191.956 4 506.929 190.156 5 483.091 156.341 
2 102 115 123 536.584 554.412 4 505.946 521.162 
2 75 85 105 538.039 137.314 5 487.988 96.6734 
3 75 88 110 538.654 144.537 4 511.007 144.153 5 488.292 104.888 
2 74 85 107 538.799 152.084 5 488.111 112.743 
3 98 108 134 538.993 113.962 4 635.251 188.61 5 632.976 161 
2 98 108 134 538.993 113.962 4 512.357 114.189 
3 70 83 105 539.879 180.01 4 511.365 178.65 5 488.052 142.816 
3 66 80 101 540.424 199.519 4 511.443 197.83 5 487.528 164.332 
3 71 84 104 540.524 193.327 4 511.52 191.75 5 487.833 157.567 
2 76 88 109 540.599 187.498 5 488.289 151.203 
2 105 133 163 540.913 128.917 5 491.41 87.5936 
2 60 75 95 540.983 228.848 4 510.887 226.129 
3 64 77 99 541.687 216.889 4 511.918 214.64 5 487.871 183.106 
3 101 126 153 541.777 142.445 4 514.022 141.886 5 491.606 102.019 
2 99 122 152 541.977 155.324 5 491.19 116.596 
3 76 88 111 542.112 205.66 4 512.564 203.867 5 488.839 170.966 
3 105 130 160 542.634 161.413 4 514.408 160.567 5 491.555 122.868 
3 69 85 105 542.9 233.615 4 512.639 230.853 5 488.285 201.039 
2 101 125 153 543.118 149.976 5 492.018 111.005 
2 66 79 100 543.201 244.627 4 512.574 241.595 
2 63 80 100 543.481 241.055 5 488.469 209.173 
2 101 127 157 543.547 190.089 5 490.9 153.506 
2 65 79 97 543.759 250.655 4 512.881 247.529 
3 56 69 86 544.02 266.776 4 512.789 262.944 5 487.647 236.699 
3 103 132 160 544.273 182.125 4 515.307 180.875 5 492.171 145.264 
3 62 75 92 544.448 261.869 4 513.214 258.13 5 488.37 231.478 
3 105 128 156 544.482 208.556 4 514.691 206.705 5 491.144 174.307 
3 65 77 100 544.791 279.291 4 513.271 274.83 5 487.928 250.018 
2 56 66 85 544.953 271.234 5 488.462 241.53 
3 57 69 88 545.806 296.583 4 513.487 291.462 5 488.054 268.62 
3 55 67 83 545.945 306.092 4 513.569 300.62 5 487.814 278.67 
3 108 134 161 546.181 240.108 4 515.445 237.311 5 491.224 208.274 
3 109 136 162 546.313 245.728 4 515.57 242.709 5 491.029 214.278 
2 23 35 53 546.485 463.967 4 514.048 448.168 
3 98 122 150 546.626 145.337 4 518.593 145.251 5 497.007 107.703 
3 103 129 152 546.823 258.533 4 515.559 255.009 5 490.934 227.859 
3 56 64 77 546.985 338.195 4 513.792 330.859 5 487.224 312.352 
3 58 67 82 547.031 316.502 4 514.1 310.351 5 488.369 289.154 
3 62 73 90 547.089 311.593 4 514.497 305.598 5 488.819 284.103 
3 105 127 151 547.256 265.088 4 515.801 261.351 5 491.024 234.957 
3 51 61 74 547.397 330.336 4 514.191 323.4 5 487.885 304.232 
2 55 61 75 547.604 336.036 5 487.983 310.041 
3 45 52 62 547.69 350.054 4 513.887 341.76 5 486.959 323.928 
3 102 127 150 547.693 272.441 4 516.135 268.511 5 491.391 242.907 
3 53 61 73 548.001 340.643 4 514.502 332.933 5 488.187 314.928 
3 102 127 152 548.21 281.147 4 516.21 276.692 5 491.334 252.031 
3 42 49 59 548.761 376.196 4 514.788 366.785 5 487.122 352.198 
2 97 119 139 549.204 300.246 5 491.186 272.405 
2 77 106 125 549.402 460.797 4 517.45 445.405 
2 99 119 140 549.412 305.17 4 516.658 299.402 
3 90 105 125 550.426 322.346 4 517.1 315.876 5 491.464 295.774 
3 90 103 119 550.48 328.365 4 516.981 321.349 5 491.102 301.468 
2 51 55 64 550.664 392.459 5 488.444 368.959 
3 83 94 109 550.728 335.839 4 517.077 328.338 5 491.126 309.877 
2 80 89 100 551.208 347.554 5 491.08 322.055 
3 89 102 117 551.912 329.728 4 518.309 322.748 5 492.753 303.504 
3 86 99 108 552.012 352.63 4 517.861 344.467 5 491.644 327.536 
3 89 100 113 552.068 343.291 4 517.842 335.576 5 491.994 317.539 
3 8 9 13 552.155 518.354 4 517.131 493.906 5 426.932 506.851 
3 97 121 152 552.46 126.089 4 524.47 125.736 5 562.935 124.15 
2 96 118 145 552.652 129.575 4 524.501 129.411 
3 96 113 133 552.84 319.816 4 519.38 313.497 5 494.213 293.013 
3 101 125 153 553.322 143.405 4 524.655 142.942 5 504.809 104.414 
3 102 125 155 553.33 135.372 4 524.978 134.734 5 505.084 95.4344 
3 98 99 97 553.576 400.105 4 518.139 388.783 5 490.898 377.069 
3 119 124 114 553.702 391.893 4 518.386 380.783 5 491.426 368.012 
3 101 125 153 554.067 150.845 4 525.451 150.353 5 505.216 112.243 
2 79 87 98 554.893 373.451 5 494.209 348.501 
2 72 87 92 556.057 510.52 5 432.648 498.658 
2 80 94 116 556.536 139.275 5 508.424 100.158 
2 54 60 70 556.638 401.548 4 520.998 390.078 
3 88 101 107 556.648 586.485 4 526.707 586.158 5 424.554 587.28 
2 28 31 35 557.11 456.988 4 520.142 441.586 
2 80 135 181 557.356 171.84 5 497.007 107.703 
3 64 70 80 557.384 389.842 4 521.806 379.219 5 495.59 366.617 
2 101 133 161 557.528 229.22 4 526.632 226.909 
3 112 138 163 557.546 277.063 4 525.015 272.835 5 501.993 248.28 
2 25 43 72 557.57 472.966 4 522.41 455.29 
2 78 142 180 557.578 157.525 4 528.857 156.975 
2 101 128 156 557.636 243.984 5 456.229 124.665 
2 69 103 135 557.932 468.959 4 523.148 451.93 
2 103 130 159 558.389 235.197 5 505.772 203.899 
3 103 130 158 558.638 240.954 4 527.074 238.053 5 505.508 209.936 
3 97 154 189 558.793 189.668 4 528.836 188.588 5 507.832 154.378 
3 101 125 152 558.8 254.396 4 527.016 251.387 5 505.474 292.02 
2 89 113 128 558.823 516.017 5 436.211 504.879 
3 95 123 152 559.006 246.691 4 527.153 243.625 5 505.238 215.956 
3 102 152 187 559.214 182.432 4 529.318 181.274 5 509.958 148.347 
3 97 118 143 559.356 261.083 4 527.465 257.708 5 504.877 231.337 
2 102 152 187 559.711 182.226 4 529.656 181.042 
2 103 127 153 559.771 266.902 4 527.455 263.057 
2 93 112 137 559.842 274.666 4 527.366 270.693 
2 91 156 193 559.962 210.61 4 529.461 208.579 
3 97 115 134 560.3 312.795 4 525.353 258.604 5 456.229 124.665 
3 96 118 139 560.386 283.478 4 527.622 278.915 5 505.035 255.267 
3 96 116 140 560.986 293.227 4 527.988 288.291 5 505.034 265.474 
2 75 85 92 561.234 584.195 5 328.033 582.552 
2 59 70 98 561.491 155.963 5 517.156 121.069 
3 34 16 28 562.411 405.678 4 526.174 394.019 5 500.559 383.13 
3 138 192 218 562.633 230.211 4 531.343 227.998 5 510.327 198.82 
2 147 175 196 562.636 251.634 4 530.651 248.956 
3 61 69 80 563.425 402.377 4 527.058 390.79 5 502.083 379.768 
3 151 184 205 563.583 273.024 4 349.375 262.326 5 509.216 243.334 
2 69 83 89 563.732 501.323 5 444.169 487.784 
2 149 185 206 564.061 272.243 5 509.216 243.334 
3 12 15 20 564.309 486.592 4 528.388 466.848 5 449.472 473.494 
2 93 156 194 564.392 224.729 5 514.348 193.882 
2 153 189 206 564.774 281.419 4 531.17 276.221 
2 94 106 110 564.797 586.776 5 270.115 586.933 
3 99 127 151 565.018 513.853 4 527.991 490.806 5 443.317 503.423 
2 144 183 203 565.072 310.433 4 531.231 304.581 
2 59 78 100 565.29 157.913 5 517.156 121.069 
2 100 153 187 565.328 182.421 4 534.757 181.228 
3 80 96 103 565.792 508.151 4 529.114 485.547 5 445.978 495.84 
2 112 167 198 565.804 237.359 4 533.493 234.467 
2 142 183 201 566.107 316.751 4 349.532 256.322 
2 15 19 26 566.146 519.064 4 529.002 494.768 
2 141 180 196 566.982 246.454 4 534.97 242.248 
3 83 97 121 567.177 141.436 4 538.622 141.371 5 520.382 103.534 
3 73 133 182 567.834 162.442 4 538.289 161.922 5 520.189 126.471 
3 95 151 188 568.779 187.479 4 538.213 186.434 5 519.929 182.033 
3 91 154 191 568.913 194.491 4 538.088 193.339 5 520.114 160.963 
2 19 22 25 569.39 452.581 4 531.967 437.571 
3 97 161 196 570.15 221.991 4 538.055 219.85 5 519.544 190.578 
3 89 153 193 571.121 215.289 4 539.333 213.281 5 520.479 154.453 
3 87 105 126 571.463 157.706 4 541.583 157.345 5 524.011 121.354 
3 58 68 87 572.231 161.145 4 542.925 160.958 5 525.334 125.825 
2 53 58 62 572.356 513.306 4 534.474 490.357 
3 44 50 62 572.398 408.496 4 535.491 396.903 5 510.931 386.003 
2 58 68 87 572.487 161.438 5 525.098 125.455 
2 152 179 200 573.398 254.328 4 540.854 251.052 
3 74 140 183 573.575 165.745 4 543.422 164.978 5 526.084 130.338 
2 70 122 167 574.003 218.661 4 541.117 190.64 
2 42 42 59 575.028 480.242 4 537.989 461.649 
3 84 153 192 575.053 190.36 4 544.099 189.346 5 526.359 156.938 
3 84 138 184 575.496 229.264 4 543.052 226.693 5 524.489 197.947 
2 19 19 18 575.608 450.281 4 537.242 435.124 
2 149 188 205 575.995 282.596 4 540.854 251.052 
2 154 187 204 576.825 312.171 4 542.462 307.061 
3 87 154 193 576.914 217.046 4 544.961 215.359 5 526.859 185.624 
2 97 159 200 577.483 223.667 4 544.343 196.24 
2 103 128 158 577.639 146.969 5 531.565 110.154 
3 92 154 197 577.701 226.495 4 545.581 224.708 5 527.101 195.449 
2 0 0 0 578.159 589.874 5 578.2 589.869 
3 66 94 131 578.177 194.274 4 546.86 193.229 5 529.462 161.059 
2 25 25 29 578.449 442.99 4 539.964 428.538 
3 25 25 29 578.449 442.99 4 539.964 428.538 5 515.765 421.975 
2 76 101 131 578.691 197.572 5 529.986 164.679 
2 141 178 204 579.526 250.281 4 546.402 247.401 
2 130 165 191 579.846 302.824 4 545.324 297.47 
3 49 51 37 579.919 439.074 4 541.629 425.328 5 517.522 418.367 
3 143 182 203 579.954 256.627 4 547.628 280.526 5 527.956 228.208 
3 104 133 162 580.034 177.681 4 549.117 176.96 5 532.619 143.447 
2 95 94 103 580.103 494.972 4 541.713 474.553 
2 95 94 103 580.103 494.972 4 541.713 474.553 
3 70 93 126 580.114 220.061 4 547.962 218.237 5 530.188 189.053 
2 107 142 173 580.862 316.547 4 545.719 310.652 
3 155 191 210 581.497 278.778 4 546.402 247.401 5 528.393 251.15 
2 149 184 207 581.936 285.493 4 547.628 280.526 
2 149 184 207 581.983 285.182 4 547.628 280.526 
2 110 138 167 582.49 212.368 5 532.855 180.6 
2 108 135 164 582.581 217.635 4 550.424 216.033 
2 207 211 216 582.904 482.284 4 544.613 463.231 
3 83 97 119 583.8 266.501 4 549.943 263.031 5 532.942 304.447 
3 149 185 208 583.826 314.184 4 548.527 308.302 5 529.092 288.423 
3 120 176 204 584.234 320.845 4 548.68 314.563 5 529.237 295.67 
3 17 8 14 584.454 492.064 4 545.535 472.066 5 477.292 476.941 
3 57 64 74 584.602 415.719 4 546.872 403.493 5 524.847 394.18 
2 78 94 117 584.851 282.207 4 550.352 277.995 
2 133 183 205 585.042 334.984 4 548.743 324.839 
3 39 43 45 586.159 507.515 4 546.566 485.46 5 630.458 261.308 
2 37 40 45 586.325 424.367 4 548.178 410.855 
2 65 62 24 586.514 441.55 4 547.589 427.332 
2 65 62 24 586.514 441.55 4 547.589 427.332 
3 111 138 165 586.61 247.54 4 553.155 244.958 5 534.493 272.056 
2 111 135 159 586.976 277.958 4 73.5073 538.534 
3 64 78 99 587.146 317.625 4 551.618 311.932 5 532.446 292.04 
2 24 27 13 587.461 453.514 4 547.854 438.351 
2 63 69 80 587.465 402.152 4 549.507 390.94 
2 43 51 19 587.791 459.696 4 548.445 443.882 
3 14 16 23 587.866 485.7 4 548.346 466.437 5 480.855 469.803 
2 120 146 170 587.966 406.155 5 528.383 384.374 
3 120 146 170 587.966 406.155 4 549.942 394.669 5 528.383 384.374 
2 62 70 81 588.123 338.056 4 551.503 328.415 
2 99 111 117 588.868 584.809 4 172.412 585.84 
2 38 35 46 588.901 462.734 4 549.762 446.56 
2 26 26 34 589.399 468.424 4 550.715 451.673 
2 99 120 143 591.677 279.403 5 539.441 252.171 
2 99 120 143 591.677 279.403 5 539.441 252.171 
2 28 28 24 591.893 457.843 4 551.976 442.379 
2 47 10 20 592.026 490.904 4 552.015 470.735 
3 168 178 184 592.612 482.603 4 552.643 463.606 5 486.414 466.33 
2 49 77 90 593.622 467.269 4 553.922 450.682 
2 84 93 105 595.175 376.941 4 557.23 367.637 
2 84 93 105 595.175 376.941 4 557.23 367.637 
2 58 66 76 595.367 416.854 4 556.342 404.595 
3 30 14 24 595.907 484.275 4 555.697 464.999 5 490.234 467.926 
2 111 63 81 596.268 488.604 4 555.662 468.851 
3 111 63 81 596.268 488.604 4 555.662 468.851 5 490.713 472.799 
3 43 46 44 597.822 506.843 4 556.713 484.688 5 171.594 207.796 
3 70 78 87 597.831 373.775 4 559.719 364.451 5 540.928 351.045 
3 96 120 141 599.872 274.818 4 564.679 271.32 5 548.8 248.007 
2 36 10 18 602.224 492.476 4 561.085 471.926 
3 57 27 40 602.53 484.685 4 561.224 465.442 5 498.058 468.632 
3 82 91 100 603.273 394.312 4 564.14 383.615 5 546.032 372.567 
2 26 12 20 603.864 491.952 4 562.333 471.512 
2 147 154 157 603.994 481.652 5 499.427 465.131 
3 147 154 157 603.994 481.652 4 562.497 462.797 5 499.427 465.131 
2 101 115 129 605.21 354.126 4 567.1 346.162 
2 58 56 26 605.889 440.214 4 564.705 426.091 
2 58 56 26 605.889 440.214 4 564.705 426.091 
2 22 24 28 605.941 468.335 4 565.104 451.256 
2 12 15 23 605.941 498.007 4 563.557 476.76 
3 106 127 154 606.079 172.942 4 573.853 173.107 5 561.731 140.546 
2 102 126 154 606.509 158.135 5 562.935 124.15 
3 59 70 81 606.965 417.886 4 566.79 405.631 5 548.742 397.023 
2 85 100 115 607.083 336.586 5 553.077 312.83 
2 70 37 51 607.297 475.631 4 565.492 457.577 
2 70 37 51 607.297 475.631 4 565.492 457.577 
2 30 48 52 607.337 462.665 4 565.863 446.466 
2 36 39 46 607.358 420.886 5 549.249 400.111 
2 33 39 45 609.171 448.678 4 567.753 433.949 
2 60 107 110 609.335 465.625 4 567.425 449.059 
2 60 107 110 609.335 465.625 4 567.425 449.059 
2 79 91 115 609.467 162.936 4 577.387 163.327 
2 44 49 61 609.68 498.566 5 503.678 484.144 
3 83 99 120 610.262 169.951 4 577.683 169.582 5 566.198 137.3 
2 57 65 76 610.754 418.146 4 570.376 405.914 
3 109 134 159 610.763 230.499 4 576.351 228.544 5 563.383 201.98 
3 93 121 152 610.898 201.046 4 577.362 200.236 5 565.122 170.482 
3 94 120 154 611.262 194.796 4 577.909 193.926 5 566.056 164.441 
2 41 47 52 611.626 426.071 4 570.742 413.006 
3 81 153 196 612.784 186.682 4 579.908 186.313 5 568.14 155.545 
3 13 16 24 612.906 495.919 4 569.526 474.869 5 507.515 481.887 
3 81 96 121 614.354 161.541 4 581.884 161.767 5 571.323 128.87 
3 52 27 47 614.385 475.97 4 571.959 457.494 5 513.128 458.878 
2 125 132 127 614.801 479.648 5 511.824 463.23 
3 79 98 121 614.857 213.338 4 580.741 212.17 5 568.592 183.661 
2 16 23 24 615.239 422.022 5 557.215 401.209 
2 20 23 29 615.459 448.165 4 573.536 433.593 
3 59 67 78 615.902 417.356 4 575.302 405.129 5 558.312 396.642 
2 19 23 22 616.238 433.598 4 574.872 419.778 
2 77 90 102 616.292 535.584 4 571.053 506.884 
2 8 11 16 617.189 504.02 4 572.757 482.436 
2 37 52 66 617.318 468.019 4 574.126 450.928 
2 14 26 32 617.961 463.452 4 574.85 447.589 
2 22 32 38 619.448 458.569 4 577.153 442.892 
3 78 98 120 620.327 230.219 4 585.166 228.78 5 573.371 200.418 
3 102 119 135 620.339 329.552 4 582.051 323.133 5 568.111 305.977 
2 8 9 13 620.74 508.462 4 576.615 485.741 
3 96 108 118 621.01 356.535 4 581.54 348.376 5 567.156 333.934 
3 93 105 117 622.054 350.344 4 582.914 342.719 5 568.871 327.677 
3 108 134 159 622.201 240.637 4 586.539 238.619 5 575.363 213.34 
2 104 129 158 622.465 172.78 5 579.084 140.859 
3 102 126 151 623.202 188.626 4 609.621 199.482 5 601.949 171.476 
2 58 66 76 624.05 417.089 4 582.854 404.884 
3 82 98 126 624.139 223.875 4 588.824 222.353 5 578.178 195.444 
2 53 52 24 624.297 438.08 4 582.267 424.295 
2 83 101 125 624.446 229.244 5 578.483 201.313 
2 107 132 155 624.635 259.676 4 588.315 256.548 
3 103 127 153 624.893 183.72 4 590.92 183.521 5 581.193 153.123 
2 145 193 215 625.052 301.779 4 587.268 297.231 
3 77 90 106 625.133 329.119 4 586.526 322.922 5 572.957 305.2 
3 103 129 159 626.423 196.615 4 592.111 196.066 5 582.275 167.112 
3 103 129 159 626.423 196.615 4 592.111 196.066 5 582.275 167.112 
2 105 129 147 627.027 292.676 4 589.602 288.601 
3 105 129 147 627.027 292.676 4 589.602 288.601 5 577.631 268.122 
3 105 130 160 627.182 205.848 4 612.513 215.927 5 582.741 176.89 
3 111 140 168 627.953 212.957 4 592.929 212.004 5 583.057 184.288 
3 97 106 117 628.098 357.544 4 588.105 349.19 5 575.117 335.63 
3 74 85 97 628.668 336.111 4 589.499 329.592 5 576.822 313.542 
2 106 131 158 629.241 225.097 5 583.455 195.658 
2 12 12 21 630.02 500.464 5 527.909 486.449 
3 109 135 162 631.011 237.107 4 594.922 235.117 5 584.697 210.122 
3 109 135 162 631.011 237.107 4 594.922 235.117 5 584.697 210.122 
2 129 186 214 631.436 249.347 4 594.91 246.41 
2 89 102 123 632.868 273.096 4 629.591 333.174 
2 53 60 68 632.928 500.692 5 532.224 486.629 
3 59 66 73 632.944 499.827 4 586.854 478.644 5 532.062 486.039 
3 183 211 223 633.57 268.923 4 596.225 265.621 5 609.196 252.768 
3 54 67 73 633.846 491.998 4 587.649 471.525 5 533.559 476.875 
2 88 106 130 633.859 211.47 4 598.525 210.684 
3 109 133 154 634.165 241.03 4 597.821 239.061 5 610.457 224.272 
2 78 66 103 634.906 476.082 4 589.033 457.903 
2 87 119 126 634.93 456.208 4 590.4 440.508 
2 66 75 84 635.303 341.453 5 583.428 318.905 
3 79 98 119 635.38 280.972 4 597.452 276.838 5 587.329 256.383 
3 79 98 119 635.38 280.972 4 597.452 276.838 5 587.329 256.383 
3 51 62 82 635.569 245.637 4 599.061 243.625 5 589.454 219.343 
2 87 95 105 635.784 367.01 4 594.193 359.101 
2 22 26 24 636.441 434.471 4 592.846 421.031 
2 67 72 82 636.91 356.084 4 596.401 348.136 
2 67 72 82 636.91 356.084 4 596.401 348.136 
2 80 97 121 637.372 173.549 5 595.545 143.285 
2 92 95 98 637.827 373.5 4 596.504 364.432 
3 124 175 202 637.83 203.454 4 602.393 202.446 5 594.234 175.259 
2 95 106 118 638.085 344.122 5 586.564 321.967 
2 80 89 98 638.155 398.307 4 596.028 387.74 
2 14 21 26 638.93 468.286 4 593.821 450.426 
3 56 63 73 638.946 417.751 4 595.755 405.505 5 582.34 397.163 
2 80 86 91 639.263 386.958 4 597.902 376.123 
2 139 187 210 639.351 217.322 4 622.417 227.447 
2 81 101 125 640.006 224.451 5 594.969 196.788 
3 97 111 127 640.09 340.028 4 599.837 333.077 5 588.777 317.696 
2 43 13 27 640.224 472.727 4 593.904 455.011 
2 9 12 16 640.255 498.645 4 593.101 477.705 
2 106 126 143 640.334 300.604 4 601.309 295.983 
2 152 135 106 640.39 374.071 4 605.643 287.595 
3 107 135 159 640.669 247.736 4 603.613 245.587 5 616.628 231.369 
3 105 124 141 641.107 307.956 4 601.781 303.04 5 631.28 312.182 
2 86 152 194 641.147 210.38 5 595.744 184.715 
2 99 169 206 641.439 221.334 4 604.911 219.956 
2 90 103 128 641.5 184.901 4 606.487 185.123 
2 100 117 133 641.576 325.946 4 621.594 320.037 
3 86 102 127 641.813 228.954 4 605.103 227.461 5 597.131 201.57 
2 96 108 120 641.846 352.59 4 600.894 345.384 
2 96 108 120 641.846 352.59 4 600.894 345.384 
2 44 31 38 642.017 487.185 4 594.818 467.481 
2 132 135 127 642.131 390.561 5 573.577 301.929 
2 102 118 134 642.369 331.125 5 591.904 308.69 
2 83 99 118 642.48 298.496 4 603.501 293.803 
2 114 139 165 642.503 254.999 4 605.134 252.627 
2 34 43 59 642.626 447.674 4 599.837 432.966 
2 17 25 27 642.805 423.782 4 599.204 411.011 
2 111 135 155 644.483 285.878 5 596.472 261.398 
3 109 135 164 644.519 184.435 4 609.365 184.549 5 602.629 155.286 
3 88 106 126 645.114 243.344 4 607.895 241.579 5 599.744 217.528 
2 110 133 162 645.587 199.924 4 609.621 199.482 
3 87 106 128 645.628 226.953 4 608.802 225.75 5 601.2 200.028 
2 10 11 15 645.641 507.238 4 596.272 485.1 
2 59 62 69 646.443 398.395 4 603.495 387.339 
2 111 133 161 647.693 197.937 4 611.879 197.635 
2 111 133 161 647.693 197.937 4 611.879 197.635 
3 70 56 89 647.967 472.318 4 600.595 454.617 5 553.164 455.167 
2 37 57 60 648.524 439.102 4 604.091 425.312 
3 154 198 214 648.604 308.23 4 608.825 303.285 5 599.757 285.128 
2 38 14 20 648.792 476.544 4 601.574 458.007 
3 112 135 162 649.043 216.676 4 612.513 215.927 5 582.741 176.89 
3 108 131 152 649.073 287.145 4 610.04 283.107 5 601.641 263.057 
2 48 65 81 649.372 389.258 4 606.527 378.739 
2 86 107 128 649.38 252.045 4 611.115 249.941 
3 80 87 101 650.04 334.418 4 629.591 333.174 5 599.7 312.136 
2 19 26 38 650.11 376.854 4 607.499 368.611 
2 17 16 24 650.254 467.774 4 602.226 450.676 
3 136 193 215 650.723 329.02 4 609.998 323.041 5 600.817 306.565 
2 103 125 141 650.849 300.274 5 624.684 284.304 
2 56 58 64 651.485 395.238 4 608.074 384.878 
3 112 138 163 651.486 234.625 4 613.956 233.12 5 607.04 208.332 
2 77 96 116 651.745 284.707 5 604.474 260.603 
2 73 86 95 652.258 380.996 4 609.328 372.208 
2 53 55 61 652.419 402.502 4 608.74 391.535 
2 70 77 85 652.625 358.875 4 610.838 350.927 
2 46 59 77 652.888 305.327 4 612.872 300.545 
2 127 167 173 654.099 465.259 4 605.979 448.549 
2 18 28 29 654.157 424.539 4 609.634 411.648 
2 89 98 107 654.882 374.941 4 611.792 366.391 
3 111 135 159 654.982 241.395 4 616.906 239.452 5 610.433 215.723 
2 85 94 101 655.169 382.261 4 612.262 373.183 
3 111 135 157 655.334 249.255 4 617.054 247.085 5 610.457 224.272 
3 86 102 122 655.473 280.872 4 629.591 333.174 5 630.238 265.536 
2 77 86 96 655.527 346.79 4 613.839 339.651 
2 194 219 225 655.692 276.598 4 616.445 273.38 
2 90 111 134 655.939 226.714 4 618.436 225.611 
2 70 77 87 655.999 407.296 4 598.884 367.621 
3 90 106 132 656.146 180.289 4 581.884 161.767 5 593.325 137.234 
2 82 91 97 656.5 381.523 4 612.262 373.183 
2 82 91 97 656.5 381.523 4 612.262 373.183 
2 80 90 98 656.895 398.686 4 612.842 387.753 
2 45 57 77 657.266 254.191 4 599.061 243.625 
3 90 105 124 657.843 287.299 4 617.907 283.21 5 610.73 263.786 
3 90 105 124 657.843 287.299 4 617.907 283.21 5 610.73 263.786 
3 70 75 86 658.503 349.328 4 616.353 341.902 5 608.014 327.896 
2 92 165 208 658.682 210.197 4 621.408 209.665 
2 110 131 148 659.225 313.332 5 610.744 290.626 
2 21 31 28 659.533 424.133 4 614.401 411.279 
2 57 64 72 659.6 418.977 4 614.112 406.952 
2 107 121 134 659.943 335.787 5 610.141 313.979 
2 135 204 230 660.39 228.518 4 622.417 227.447 
2 106 125 141 660.58 324.911 4 605.743 263.633 
3 80 95 118 660.68 195.685 4 622.656 194.795 5 619.623 168.603 
2 85 98 117 661.077 293.772 4 620.816 289.528 
3 80 96 119 661.348 196.864 4 624.377 197.003 5 619.886 169.556 
2 106 123 139 661.522 332.054 4 619.751 325.624 
2 37 58 63 661.54 440.764 4 615.209 428.159 
2 105 128 142 661.769 465.26 4 613.063 448.805 
3 115 140 163 661.853 255.992 4 622.628 253.518 5 616.628 231.369 
3 93 109 124 662.564 303.048 4 621.81 298.402 5 615.011 280.212 
3 103 125 143 662.722 314.661 4 621.592 309.463 5 614.55 292.245 
3 102 120 134 663.075 343.419 4 620.669 336.456 5 613.048 322.1 
3 106 125 141 663.371 326.069 4 621.594 320.037 5 614.431 304.155 
2 115 140 161 663.882 262.828 4 605.134 252.627 
2 38 60 66 664.128 445.412 4 617.764 431.389 
3 100 113 124 664.151 353.315 4 621.292 345.815 5 613.601 332.58 
3 105 122 138 664.377 332.442 4 622.318 326.261 5 615.035 310.534 
2 160 187 159 664.973 368.268 4 621.26 360.034 
3 109 133 158 665.462 210.716 4 627.924 210.561 5 601.949 171.476 
2 103 117 129 666.053 345.153 5 616.087 323.969 
3 112 137 163 666.516 204.383 4 628.98 203.805 5 625.023 177.395 
2 108 121 125 667.155 538.871 4 612.45 508.988 
2 108 121 125 667.155 538.871 4 612.45 508.988 
3 92 111 133 667.519 247.426 4 627.984 245.701 5 623.789 224.597 
2 118 143 170 667.901 225.46 5 596.424 240.986 
2 110 131 149 668.68 299.948 5 621.526 277.384 
3 110 131 149 668.68 299.948 4 627.479 295.661 5 621.526 277.384 
2 22 32 37 668.692 445.217 4 621.277 431.083 
2 22 32 37 668.692 445.217 4 621.277 431.083 
3 120 144 168 670.28 240.524 4 631.182 239.011 5 626.825 215.829 
2 122 152 181 671.015 202.309 5 629.617 175.911 
2 122 152 181 671.015 202.309 5 324.85 140.436 
3 26 25 31 671.543 492.429 4 621.583 471.213 5 582.923 476.608 
2 47 65 82 671.579 385.744 4 598.105 202.961 
2 48 35 41 671.686 483.266 4 620.241 464.336 
2 48 35 41 671.686 483.266 4 620.241 464.336 
3 110 135 163 672.087 188.417 4 634.271 189.331 5 632.976 161 
2 0 0 0 672.096 589.955 5 672.123 589.975 
2 104 126 141 672.111 306.508 5 624.684 284.304 
3 118 141 164 672.488 255.849 4 632.59 253.408 5 628.169 231.175 
2 109 127 157 672.753 188.117 5 632.976 161 
2 109 127 157 672.753 188.117 4 635.251 188.61 
2 76 87 93 673.634 501.184 4 621.217 479.629 
3 163 205 222 673.916 264.306 4 633.575 261.647 5 629.053 240.846 
3 163 205 222 673.916 264.306 4 633.575 261.647 5 629.053 240.846 
2 100 110 118 674.409 366.302 4 629.939 357.619 
2 77 85 92 674.483 361.558 4 630.637 353.088 
2 77 85 92 674.483 361.558 4 630.637 353.088 
3 86 100 110 674.778 345.697 4 631.08 337.687 5 625.216 324.306 
3 86 100 110 674.778 345.697 4 631.08 337.687 5 625.216 324.306 
2 92 101 96 675.471 441.186 5 610.043 421.442 
2 93 101 108 676.186 377.854 4 631.215 368.603 
2 23 34 30 676.765 425.961 4 629.737 413.032 
2 80 88 97 678.141 352.76 4 633.879 345.427 
2 118 139 155 678.201 316.456 5 630.272 294.792 
2 104 135 164 678.818 462.652 4 627.563 446.555 
2 114 135 152 678.849 320.428 5 201.322 317.064 
2 83 92 105 678.887 341.652 5 583.288 307.622 
2 111 134 150 679.679 313.736 4 636.784 308.131 
3 111 134 150 679.679 313.736 4 636.784 308.131 5 632.167 291.855 
2 63 70 75 679.703 413.726 4 632.814 401.85 
3 115 137 154 680.18 333.449 4 636.576 327.219 5 631.28 312.182 
3 82 95 116 680.24 304.236 4 637.872 300.062 5 633.317 282.414 
2 95 105 110 680.703 374.692 4 635.446 365.866 
3 116 136 152 680.798 328.628 4 637.371 322.143 5 632.774 307.221 
2 80 89 93 680.843 402.399 4 633.814 391.093 
2 34 56 52 681.055 430.615 4 633.486 417.711 
2 70 72 80 681.137 363.675 4 636.077 355.325 
2 14 17 22 681.356 494.353 5 591.629 478.773 
2 93 89 129 682.032 470.776 4 629.456 453.34 
3 105 122 137 682.206 348.256 4 637.882 341.081 5 632.532 327.689 
2 8 10 15 682.239 503.746 4 628.692 481.664 
2 46 57 40 683.031 383.768 4 636.421 374.93 
3 111 130 145 683.041 322.905 4 639.474 316.394 5 640.913 311.547 
2 23 34 24 683.049 392.476 4 636.776 383.175 
2 23 34 29 683.634 425.908 4 636.283 412.987 
2 109 124 134 683.712 353.368 4 639.02 345.929 
3 51 63 69 684.859 486.603 4 631.486 466.938 5 596.916 470.847 
2 161 207 215 685.873 373.037 4 640.13 365.209 
2 180 210 209 686.378 380.795 4 640.244 372.255 
2 117 138 151 689.209 331.522 5 640.913 311.547 
2 25 35 23 689.509 396.844 4 641.664 386.874 
2 111 125 135 689.616 354.76 4 644.642 345.517 
2 102 111 117 689.772 364.854 4 643.92 356.639 
2 28 42 40 690.175 437.853 4 640.67 422.772 
2 26 36 22 691.339 415.546 4 642.299 403.744 
2 26 36 22 691.339 415.546 4 642.299 403.744 
3 24 34 25 693.119 407.959 4 644.009 397.089 5 633.942 388.063 
2 27 38 27 693.431 452.871 4 642.437 437.297 
2 29 40 29 693.588 429.703 4 643.886 416.502 
2 89 103 109 695.032 456.904 4 643.645 441.232 
2 87 100 108 695.238 500.581 4 640 479.239 
2 52 56 58 698.077 463.33 4 645.992 446.97 
2 99 112 116 698.369 559.091 4 635.338 522.843 
2 85 96 105 699.34 552.608 4 636.843 518.299 
2 85 96 105 699.34 552.608 4 636.843 518.299 
2 82 95 103 701.175 456.328 4 649.022 440.806 
2 25 35 36 702.014 450.326 4 652.262 435.588 
2 25 32 23 702.358 410.449 4 652.035 399.278 
2 59 55 35 702.639 423.919 4 652.614 411.581 
2 50 53 53 702.95 459.71 5 637.418 440.934 
2 79 83 83 703.016 462.955 5 637.61 444.443 
2 115 138 153 703.094 485.39 4 646.849 466.488 
2 59 52 57 703.989 491.607 4 648.713 471.973 
2 59 52 57 704.221 491.806 4 648.953 472.024 
3 48 53 54 706.634 459.919 4 653.459 443.993 5 641.399 441.227 
3 84 85 82 707.171 463.694 4 653.437 447.463 5 641.588 445.143 
2 199 231 254 708.257 97.6593 4 690.565 89.152 
2 175 130 55 708.776 438.233 4 657.294 424.32 
3 53 69 35 708.795 343.629 4 664.613 335.371 5 669.904 327.612 
3 49 51 50 710.049 477.883 4 655.713 459.932 5 632.412 459.204 
2 43 48 46 711.69 461.342 4 658.023 445.293 
2 35 39 24 714.312 452.859 4 662.518 437.499 
2 95 105 112 714.777 558.744 4 648.004 522.401 
2 255 255 255 716.376 342.748 4 671.242 334.592 
2 47 47 48 717.402 479.26 5 651.92 460.895 
3 47 49 48 720.43 460.085 4 665.472 444.195 5 656.04 441.526 
2 52 70 45 720.742 347.126 4 674.355 338.537 
2 50 50 46 721.184 470.494 5 656.25 452.027 
2 50 52 51 722.289 464.802 4 667.155 448.567 
3 255 255 255 723.541 344.35 4 677.42 336.147 5 684.142 328.484 
2 64 75 90 724.722 495.063 4 666.635 474.535 
3 73 90 61 725.5 353.638 4 678.753 344.722 5 685.244 337.416 
2 38 40 38 728.908 460.435 4 673.054 444.43 
3 60 73 57 730.774 351.242 4 683.501 343.176 5 690.387 335.592 
3 111 143 163 730.874 450.171 4 677.687 434.847 5 681.223 431.432 
2 52 54 51 733.038 467.172 5 668.798 448.786 
2 45 61 59 734.468 356.828 5 693.685 340.615 
3 254 254 255 734.724 352.495 4 687.288 343.873 5 694.203 336.545 
2 60 64 63 736.546 464.652 5 672.639 446.33 
3 57 74 65 736.577 362.49 4 688.267 352.992 5 695.285 346.152 
3 251 252 253 738.315 357.974 4 690.011 348.726 5 697.353 341.866 
3 255 255 255 738.906 364.7 4 690.363 355.086 5 697.455 348.518 
2 254 255 254 739.228 368.018 4 690.058 358.904 
3 44 44 39 743.745 469.985 4 685.43 452.854 5 679.929 451.654 
2 60 58 54 744.466 477.698 5 679.889 459.358 
2 105 157 184 746.511 452.693 4 691.218 437.283 
2 27 42 29 746.835 379.523 4 694.952 368.616 
2 52 59 34 747.018 436.65 5 684.798 417.669 
2 57 59 58 747.104 461.286 4 689.906 445.26 
2 72 84 90 748.161 554.173 4 674.73 518.591 
2 254 254 254 753.25 375.353 5 710.017 360.612 
3 49 52 51 755.203 476.823 4 695.043 458.814 5 691.206 458.567 
3 48 46 42 756.545 469.176 4 696.416 452.039 5 693.019 450.907 
2 42 42 44 756.899 460.672 5 693.826 442.22 
2 10 14 18 757.244 441.893 5 710.725 423.693 
2 255 255 255 757.457 385.778 5 475.414 74.9938 
3 255 255 255 757.457 385.778 4 80.9211 232.726 5 475.414 74.9938 
2 70 81 87 758.094 552.316 4 682.053 517.275 
2 50 53 58 763.78 477.961 5 708.25 459.363 
2 51 58 66 763.901 490.218 5 693.343 472.773 
2 51 58 66 763.901 490.218 5 693.343 472.773 
2 50 50 46 764.621 473.97 5 700.986 455.696 
2 0 0 0 766.142 593.964 4 766.043 593.959 
2 11 20 23 769.805 447.294 4 713.98 432.49 
2 27 30 33 769.967 440.672 4 714.421 426.217 
3 59 63 66 772.128 477.623 4 709.35 459.438 5 708.25 459.363 
3 40 52 57 772.529 443.158 4 716.727 428.51 5 724.591 424.793 
2 60 69 74 772.722 458.439 4 716.698 443.224 
2 103 113 120 773.486 492.576 5 697.439 474.865 
2 24 24 34 776.348 448.032 4 719.397 433.516 
3 108 108 104 776.45 492.343 4 738.791 470.484 5 705.586 475.006 
3 0 0 0 778.071 594.981 4 766.043 593.959 5 778.246 594.916 
2 44 46 44 778.22 464.395 5 715.517 445.957 
2 54 57 64 778.408 477.879 4 714.648 459.574 
3 103 107 108 781.235 492.472 4 738.791 470.484 5 705.586 475.006 
2 56 57 54 787.059 466.997 5 188.196 377.686 
2 117 139 155 787.516 483.325 5 786.737 462.498 
2 45 58 48 787.896 403.277 4 635.338 522.843 
2 96 107 116 789.872 540.714 5 789.249 550.064 
3 0 0 0 791.848 305.252 4 791.848 305.252 5 791.848 305.252 
3 0 0 0 792.853 254.262 4 791.848 305.252 5 791.848 305.252 
2 0 0 0 793.846 218.246 5 791.848 305.252 
3 0 0 0 793.969 528.084 4 88.3418 592.854 5 794.982 543.984 
2 68 77 82 794.682 591.961 5 794.588 591.953 
3 68 77 82 794.682 591.961 4 793.994 591.54 5 794.588 591.953 
