nFeatures: 3519
2 243 248 249 36.3025 170.408 5 10.2986 150.262 
2 123 127 128 37.0963 167.092 5 10.9623 146.818 
2 75 90 87 42.2047 200.851 5 19.3666 183.084 
2 254 255 255 42.8895 170.28 5 17.6202 150.441 
2 86 113 124 43.4867 191.131 5 19.588 172.699 
2 254 255 255 47.8875 196.202 5 24.261 178.192 
2 81 103 100 49.336 203.336 5 26.2842 185.986 
2 75 89 102 49.6084 542.71 5 220.36 515.917 
2 63 81 82 56.786 202.413 5 34.2992 184.947 
2 0 0 0 57.3576 594.94 5 578.2 589.869 
2 237 242 244 57.4791 199.102 5 34.6005 181.322 
2 53 75 74 60.3559 222.202 5 330.826 142.889 
2 233 236 239 60.4263 198.886 5 38.9206 181.629 
2 45 63 60 60.5981 261.072 5 37.6467 245.128 
2 75 90 83 64.8209 191.391 5 42.4252 173.15 
2 255 255 254 65.3666 202.842 5 44.1334 185.37 
2 146 159 170 65.8355 197.812 5 43.6164 180.064 
2 146 159 170 65.8355 197.812 5 43.6164 180.064 
2 225 225 227 69.1651 253.021 5 48.9433 237.804 
2 90 103 115 69.742 538.334 5 158.941 528.534 
2 90 104 114 73.5073 538.534 5 534.493 272.056 
2 46 61 65 82.286 238.647 5 59.1048 221.871 
2 255 255 255 83.9627 232.096 5 61.1902 215.212 
2 255 255 255 88.0002 247.302 5 64.8553 231.033 
2 0 0 0 88.3418 592.854 5 578.2 589.869 
2 57 79 77 89.8777 239.788 5 67.5374 223.301 
2 57 79 77 89.8777 239.788 5 67.5374 223.301 
2 0 0 0 112.432 591.857 5 578.2 589.869 
2 79 83 98 140.343 264.223 5 106.338 249.165 
2 118 140 154 140.941 524.081 5 33.767 531.573 
2 94 107 116 146.696 586.972 5 473.133 587.761 
2 0 0 0 153.22 590.852 5 578.2 589.869 
2 90 101 111 172.412 585.84 5 270.115 586.933 
2 43 48 54 184.369 338.623 5 137.191 320.351 
2 23 37 44 189.059 368.557 5 163.083 345.53 
2 255 254 251 190.62 279.901 5 144.966 257.898 
2 26 35 36 191.586 341.833 5 142.483 323.823 
2 106 133 149 192.265 451.574 5 93.7337 443.172 
2 66 73 83 193.045 526.455 5 196.379 458.01 
2 254 254 250 195.916 288.195 5 148.756 265.467 
2 254 254 250 195.916 288.195 5 148.756 265.467 
2 53 57 61 196.819 321.503 5 147.988 302.158 
2 51 55 40 200.218 449.025 5 640.913 311.547 
2 60 88 109 201.301 289.665 5 154.064 267.215 
2 56 57 61 201.343 313.764 5 151.767 293.144 
2 21 34 37 202.938 365.402 5 163.083 345.53 
2 208 207 185 204.241 261.405 5 157.147 237.252 
2 30 41 40 205.72 337.696 5 153.819 318.563 
2 167 174 169 207.898 233.925 5 161.26 207.68 
2 69 75 84 208.642 274.475 5 159.846 250.963 
2 112 115 111 209.329 281.829 5 159.613 259.396 
2 56 60 64 212.14 350.725 5 158.465 332.383 
2 111 114 107 214.959 333.038 5 161.543 313.474 
2 50 76 90 216.953 299.445 5 164.739 277.756 
2 106 130 148 217.639 451.923 5 130.202 443.892 
2 249 249 250 217.903 165.556 5 331.042 77.3662 
2 184 185 176 221.15 235.563 5 171.594 207.796 
2 123 128 125 222.211 283.759 5 170.013 259.802 
2 56 59 68 230.502 302.787 5 175.839 278.805 
2 48 57 68 230.736 210.372 5 181.641 179.77 
2 74 98 118 231.135 362.304 5 189.671 339.55 
2 240 236 228 233.793 192.663 5 183.905 160.435 
2 28 39 40 239.195 327.045 5 181.335 305.175 
2 79 88 98 239.773 310.953 5 182.579 288.044 
2 79 88 98 239.773 310.953 5 182.579 288.044 
2 72 81 88 242.458 335.444 5 184.011 314.953 
2 115 124 131 243.846 261.988 5 188.158 234.776 
2 58 69 83 244.114 454.902 5 178.427 453.502 
2 101 120 135 245.304 269.364 5 187.975 253.386 
2 101 115 123 246.332 581.972 5 219.888 575.604 
2 43 51 70 247.727 197.461 5 196.454 162.755 
2 140 139 132 249.434 238.942 5 194.512 208.074 
2 66 70 78 249.877 334.602 5 189.653 313.493 
2 144 152 156 251.811 250.371 5 195.827 220.715 
2 171 169 172 254.802 176.739 5 201.892 140.599 
2 61 65 74 258.739 391.459 5 193.951 376.161 
2 108 114 120 261.839 265.783 5 203.288 236.634 
2 76 81 86 261.845 362.387 5 197.987 343.4 
2 19 28 29 261.984 395.15 5 195.68 381.285 
2 95 103 113 262.297 239.097 5 204.587 209.016 
2 136 158 173 262.44 509.96 5 33.767 531.573 
2 73 84 93 263.061 455.845 5 167.014 448.374 
2 85 95 106 263.762 333.871 5 201.322 317.064 
2 94 101 109 265.748 315.57 5 204.062 292.964 
2 105 109 113 267.297 240.867 5 208.923 208.974 
2 116 124 132 267.98 262.026 5 207.96 232.947 
2 115 139 154 270.376 463.077 5 130.202 443.892 
2 135 158 172 270.517 509.9 5 33.767 531.573 
2 249 240 222 270.673 245.152 5 211.625 213.103 
2 62 67 76 272.623 459.607 5 178.427 453.502 
2 184 184 180 272.638 235.04 5 213.82 202.273 
2 76 96 119 272.989 285.302 5 211.344 257.468 
2 78 92 115 273.22 275.881 5 212.291 247.494 
2 255 255 253 273.461 225.369 5 214.978 191.084 
2 78 98 122 273.721 269.894 5 213.157 240.396 
2 193 187 182 274.586 155.992 5 219.441 114.461 
2 243 242 243 274.607 184.416 5 214.978 191.084 
2 80 102 125 275.149 306.699 5 213.993 281.746 
2 80 102 125 275.149 306.699 5 213.993 281.746 
2 54 61 74 278.22 460.457 5 225.119 506.115 
2 81 100 124 278.834 226.421 5 219.918 192.122 
2 82 100 126 282.945 180.885 5 224.389 142.924 
2 84 108 138 283.672 159.883 5 226.67 118.43 
2 79 97 119 284.133 309.579 5 224.562 285.327 
2 90 102 131 284.195 155.927 5 227.806 113.97 
2 46 47 55 284.963 384.152 5 223.411 368.938 
2 86 100 121 288.76 316.814 5 229.911 293.412 
2 86 100 121 288.76 316.814 5 229.911 293.412 
2 92 114 142 289.945 236.692 5 233.296 204.056 
2 76 96 122 290.658 209.486 5 234.906 174.022 
2 76 96 122 290.658 209.486 5 234.906 174.022 
2 82 97 106 291.069 582.25 5 719.697 585.437 
2 101 120 134 291.347 518.009 5 100.877 531.506 
2 251 255 255 293.384 138.911 5 259.794 96.5516 
2 76 91 114 294.317 281.48 5 237.536 254.165 
2 250 255 254 295.121 137.527 5 259.794 96.5516 
2 91 111 136 297.553 266.791 5 241.81 238.124 
2 78 99 126 301.453 178.046 5 248.557 139.392 
2 78 99 126 301.453 178.046 5 248.557 139.392 
2 87 107 132 303.568 287.221 5 248.229 260.783 
2 94 115 142 308.95 233.393 5 256.135 201.206 
2 90 111 138 310.179 199.192 5 258.597 163.472 
2 95 124 151 312.185 178.187 5 261.545 140.363 
2 75 93 118 313.047 215.95 5 261.567 181.904 
2 90 111 138 313.18 237.099 5 260.946 205.372 
2 204 220 228 315.038 149.39 5 277.539 113.566 
2 74 92 117 317.333 218.029 5 266.646 184.458 
2 90 113 141 319.873 200.844 5 270.302 165.844 
2 59 66 76 320.906 466.154 5 219.138 463.121 
2 81 102 126 321.404 214.725 5 271.774 182.175 
2 192 208 220 322.885 152.642 5 285.402 116.937 
2 97 123 150 325.876 234.867 5 276.165 203.6 
2 97 121 151 327.089 223.614 5 278.172 190.979 
2 93 118 142 329.744 185.263 5 282.269 148.796 
2 113 167 198 330.044 251.832 5 306.302 201.554 
2 98 116 128 339.329 510.045 5 158.941 528.534 
2 98 125 157 342.879 127.418 5 280.874 100.72 
2 73 84 92 343.218 578.611 5 171.561 584.148 
2 75 92 117 345.065 164.523 5 276.858 233.865 
2 220 237 243 347.11 162.2 5 285.402 116.937 
2 29 33 31 347.818 400.601 5 693.6 451.715 
2 130 163 194 349.375 262.326 5 509.216 243.334 
2 109 157 191 349.837 198.099 5 305.552 163.73 
2 110 160 193 350.887 232.087 5 306.302 201.554 
2 94 111 123 351.228 509.195 5 158.941 528.534 
2 92 110 124 351.84 510.807 5 158.941 528.534 
2 86 109 125 353.208 452.168 5 236.95 446.195 
2 78 94 119 353.611 240.101 5 724.527 528.912 
2 77 93 116 353.704 230.457 5 309.437 199.503 
2 100 120 141 358.813 195.876 5 316.447 161.902 
2 90 112 135 359.201 243.349 5 315.952 214.189 
2 70 88 111 362.002 245.923 5 319.17 217.126 
2 28 34 39 363.312 457.722 5 464.412 348.322 
2 233 235 236 364.521 169.165 5 327.384 133.922 
2 86 103 122 368.947 192.45 5 328.703 158.364 
2 100 116 135 370.926 178.51 5 330.826 142.889 
2 151 198 220 375.005 163.39 5 338.156 127.574 
2 105 119 132 375.842 200.861 5 336.621 168.035 
2 153 190 211 380.773 135.271 5 344.479 96.5608 
2 111 119 122 383.255 193.64 5 346.622 161.527 
2 158 200 220 389.352 178.38 5 353.17 144.106 
2 158 200 220 389.352 178.38 5 353.17 144.106 
2 239 240 240 392.588 108.106 5 358.002 67.0195 
2 144 160 170 397.479 490.375 5 243.47 501.947 
2 158 191 206 406.087 124.634 5 370.734 83.9829 
2 109 96 43 407.221 310.94 5 720.556 371.37 
2 10 13 19 427.248 430.878 5 392.673 423.082 
2 97 145 180 429.061 171.3 5 395.512 134.79 
2 157 196 217 429.676 159.967 5 395.076 122.753 
2 12 16 20 430.776 427.021 5 397.192 419.411 
2 7 9 14 431.974 475.872 5 288.296 483.134 
2 144 186 202 432.076 127.075 5 399.626 85.5418 
2 35 45 52 432.537 431.331 5 398.942 423.74 
2 24 31 38 433.929 424.119 5 400.59 415.898 
2 173 209 218 439.319 146.31 5 405.873 108.199 
2 150 184 199 441.062 114.411 5 409.511 71.4031 
2 11 15 19 441.836 491.924 5 427.505 494.081 
2 87 111 145 445.114 93.0957 5 414.003 47.4409 
2 188 217 227 447.58 271.831 5 412.744 244.677 
2 170 207 222 447.643 264.421 5 412.914 238.415 
2 146 188 209 449.249 154.791 5 417.255 115.4 
2 143 186 202 449.726 129.4 5 418.215 88.2846 
2 123 172 202 449.975 178.109 5 417.315 141.629 
2 98 112 116 450.022 493.367 5 317.147 507.685 
2 98 112 116 450.022 493.367 5 317.147 507.685 
2 129 171 192 450.457 119.865 5 419.091 77.5848 
2 126 176 203 450.872 176.682 5 418.817 139.208 
2 49 100 146 454.347 158.988 5 422.649 119.613 
2 42 100 147 454.546 123.958 5 423.915 81.3733 
2 56 57 58 455.377 495.954 5 325.986 511.23 
2 128 176 205 456.427 256.813 5 422.916 228.706 
2 50 115 166 456.577 161.742 5 425.035 123.108 
2 72 146 181 456.662 129.377 5 424.033 164.974 
2 83 157 191 456.683 156.348 5 425.713 117.362 
2 80 154 187 457.354 144.247 5 426.578 104.478 
2 34 40 60 459.305 306.22 5 425.317 284.035 
2 8 9 15 459.597 491.849 5 332.607 505.413 
2 45 71 103 459.71 126.102 5 429.94 83.9954 
2 39 63 94 459.828 93.5083 5 430.568 47.7131 
2 59 84 102 460.915 399.151 5 444.012 389.521 
2 59 84 102 460.915 399.151 5 444.012 389.521 
2 133 180 212 461.935 304.933 5 430.322 208.043 
2 139 177 205 461.979 259.423 5 427.627 307.314 
2 98 156 193 461.995 179.293 5 448.346 150.48 
2 117 171 205 462.045 326.893 5 427.627 307.314 
2 147 182 209 462.472 309.668 5 428.11 287.239 
2 155 192 218 462.641 237.905 5 430.322 208.043 
2 7 8 12 463.532 500.745 5 338.433 517.029 
2 54 111 167 464.126 163.474 5 433.485 124.692 
2 114 174 205 466.675 206.484 5 436.368 174.678 
2 97 165 197 469.614 161.772 5 441.165 123.949 
2 73 145 189 472.079 198.835 5 443.482 165.463 
2 156 189 216 472.349 277.984 5 441.924 255.908 
2 145 182 211 472.386 311.482 5 430.322 208.043 
2 47 90 126 473.702 154.01 5 448.961 116.624 
2 39 56 80 474.932 331.387 5 160.372 523.629 
2 100 166 198 477.815 207.804 5 451.155 177.74 
2 149 187 214 478.012 242.791 5 450.617 213.019 
2 0 0 0 478.154 590.819 5 578.2 589.869 
2 61 98 143 478.172 103.798 5 452.138 60.5043 
2 63 129 180 480.434 124.236 5 454.341 85.5159 
2 19 29 46 481.19 311.494 5 454.959 242.801 
2 30 50 70 481.444 205.423 5 457.559 173.897 
2 33 52 69 483.141 138.271 5 458.78 99.89 
2 27 38 56 483.165 175.084 5 458.055 139.461 
2 31 53 71 483.182 205.462 5 457.559 173.897 
2 28 40 56 483.969 286.622 5 456.364 263.236 
2 66 118 133 484.279 169.498 5 459.099 134.181 
2 61 114 131 484.831 245.506 5 457.9 218.161 
2 62 116 133 484.904 238.162 5 458.351 210.249 
2 56 108 122 484.907 272.114 5 457.731 247.496 
2 60 111 129 485.168 281.514 5 458.015 258.442 
2 62 126 177 485.432 124.899 5 460.887 86.0953 
2 52 101 120 485.906 234.503 5 459.005 207.165 
2 31 50 66 486.351 141.002 5 460.144 244.566 
2 31 47 67 486.76 207.822 5 460.144 244.566 
2 24 35 52 487.385 248.933 5 460.337 221.614 
2 24 35 52 487.385 248.933 5 460.337 221.614 
2 32 51 68 487.392 269.518 5 460.144 244.566 
2 43 72 111 487.482 109.655 5 463.335 67.3969 
2 22 32 47 488.26 312.933 5 460.287 292.682 
2 33 48 54 488.455 374.891 5 459.5 362.363 
2 16 25 36 489.01 380.213 5 459.303 367.502 
2 74 104 129 489.485 186.077 5 464.034 152.204 
2 70 110 131 489.968 172.773 5 464.5 137.768 
2 65 103 125 490.996 283.475 5 464.5 137.768 
2 66 88 104 491.154 336.916 5 462.527 319.441 
2 27 44 60 492.484 143.994 5 468.383 105.684 
2 25 36 54 492.994 191.011 5 467.942 157.597 
2 26 42 60 493.106 210.242 5 468.383 105.684 
2 49 70 101 493.748 113.958 5 470.62 72.3574 
2 17 26 42 494.096 314.377 5 466.493 294.34 
2 14 22 34 495.061 381.156 5 466.237 368.652 
2 14 22 34 495.061 381.156 5 466.237 368.652 
2 12 15 21 495.302 403.966 5 466.009 394.061 
2 64 91 114 496.428 208.645 5 471.072 244.827 
2 67 94 117 497.133 269.435 5 471.072 244.827 
2 53 64 81 497.751 157.923 5 472.41 119.598 
2 56 80 100 497.762 320.104 5 214.978 191.084 
2 219 248 255 498.583 115.987 5 475.414 74.9938 
2 50 61 79 498.864 200.557 5 474.465 168.471 
2 50 60 78 499.079 131.548 5 475.685 91.7865 
2 44 63 78 499.114 401.784 5 470.512 391.437 
2 45 55 71 499.461 260.337 5 473.435 234.437 
2 47 59 76 499.58 218.501 5 474.401 188.693 
2 47 56 73 499.999 178.785 5 475.955 143.71 
2 47 55 74 500.289 168.957 5 476.934 132.197 
2 44 53 70 500.426 287.617 5 474.418 264.536 
2 50 59 76 500.556 235.791 5 475.324 207.337 
2 37 43 55 500.612 351.811 5 473.171 335.835 
2 50 59 76 501.043 193.632 5 477.076 160.344 
2 37 43 55 501.445 357.129 5 474.049 341.881 
2 35 41 54 501.679 346.04 5 474.12 329.255 
2 46 55 72 501.823 282.569 5 476.303 258.561 
2 46 55 72 501.823 282.569 5 476.303 258.561 
2 34 40 52 502.095 366.667 5 474.073 352.725 
2 34 40 51 502.268 375.621 5 474.485 362.499 
2 68 83 105 506.929 190.156 5 483.091 156.341 
2 60 76 94 510.887 226.129 5 486.844 195.71 
2 70 82 105 511.007 144.153 5 488.292 104.888 
2 66 80 101 511.365 178.65 5 488.052 142.816 
2 64 79 99 511.443 197.83 5 487.528 164.332 
2 67 81 102 511.52 191.75 5 487.833 157.567 
2 70 82 104 511.666 207.447 5 487.868 175.166 
2 69 84 106 511.856 185.963 5 488.289 151.203 
2 60 75 95 511.918 214.64 5 487.871 183.106 
2 77 93 117 512.564 203.867 5 488.839 170.966 
2 69 86 108 512.574 241.595 5 488.084 212.918 
2 55 64 82 512.632 313.506 5 494.213 293.013 
2 68 86 107 512.639 230.853 5 488.285 201.039 
2 55 69 88 512.789 262.944 5 487.647 236.699 
2 61 75 95 512.881 247.529 5 488.228 219.509 
2 63 75 95 513.214 258.13 5 488.37 231.478 
2 57 73 95 513.271 274.83 5 487.928 250.018 
2 56 69 88 513.487 291.462 5 488.054 268.62 
2 55 67 84 513.569 300.62 5 487.814 278.67 
2 55 63 77 513.792 330.859 5 487.224 312.352 
2 57 70 89 513.794 296.192 5 488.03 273.978 
2 45 52 63 513.887 341.76 5 486.959 323.928 
2 100 125 153 514.022 141.886 5 491.606 102.019 
2 101 127 157 514.041 150.292 5 491.411 111.306 
2 53 64 80 514.1 310.351 5 488.369 289.154 
2 53 64 80 514.191 323.4 5 487.885 304.232 
2 47 55 66 514.321 338.152 5 487.894 320.436 
2 103 131 160 514.408 160.567 5 491.555 122.868 
2 60 71 90 514.497 305.598 5 488.819 284.103 
2 56 64 76 514.502 332.933 5 488.187 314.928 
2 104 131 159 514.691 206.705 5 491.144 174.307 
2 45 52 64 514.788 366.785 5 487.122 352.198 
2 103 129 158 514.92 215.603 5 491.154 184.175 
2 102 129 158 515.122 212.122 5 491.447 180.018 
2 103 131 160 515.307 180.875 5 492.171 145.264 
2 50 59 69 515.396 361.311 5 488.278 346.002 
2 40 48 58 515.401 386.356 5 271.236 235.145 
2 105 133 161 515.445 237.311 5 491.224 208.274 
2 104 132 158 515.559 255.009 5 491.029 214.278 
2 108 137 165 515.57 242.709 5 491.029 214.278 
2 103 127 152 515.801 261.351 5 491.024 234.957 
2 99 121 145 515.839 264.976 5 490.99 239.021 
2 98 121 146 516.135 268.511 5 491.391 242.907 
2 94 107 125 516.981 321.349 5 491.102 301.468 
2 86 98 114 517.077 328.338 5 491.126 309.877 
2 102 130 159 517.081 241.667 5 493.227 212.511 
2 93 108 127 517.1 315.876 5 491.464 295.774 
2 94 117 143 517.121 254.484 5 494.213 293.013 
2 7 9 13 517.131 493.906 5 426.932 506.851 
2 80 91 104 517.388 340.039 5 491.08 322.055 
2 89 101 113 517.861 344.467 5 491.644 327.536 
2 100 105 102 518.139 388.783 5 490.898 377.069 
2 88 102 120 518.309 322.748 5 492.753 303.504 
2 116 122 118 518.386 380.783 5 491.426 368.012 
2 96 119 150 518.593 145.251 5 497.007 107.703 
2 76 85 96 519.036 365.032 5 491.994 317.539 
2 95 113 134 519.38 313.497 5 494.213 293.013 
2 92 115 142 521.487 250.338 5 498.266 223.124 
2 57 66 76 521.806 379.219 5 495.59 366.617 
2 219 247 255 523.615 114.957 5 761.04 348.724 
2 94 117 145 524.501 129.411 5 504.839 89.3957 
2 73 85 92 524.973 484.885 5 439.267 495.013 
2 100 124 154 524.978 134.734 5 505.084 95.4344 
2 112 142 168 525.015 272.835 5 501.993 248.28 
2 102 126 153 525.353 258.604 5 456.229 124.665 
2 101 124 152 525.451 150.353 5 505.216 112.243 
2 40 17 29 526.174 394.019 5 500.559 383.13 
2 74 83 88 526.707 586.158 5 424.554 587.28 
2 59 69 81 527.058 390.79 5 502.083 379.768 
2 96 116 141 527.622 278.915 5 505.035 255.267 
2 93 116 140 527.988 288.291 5 505.034 265.474 
2 101 124 137 527.991 490.806 5 443.317 503.423 
2 77 93 116 528.318 139.025 5 508.424 100.158 
2 93 154 191 528.836 188.588 5 507.832 154.378 
2 143 193 221 531.343 227.998 5 510.327 198.82 
2 165 205 224 532.485 288.475 5 492.018 111.005 
2 131 162 186 534.726 392.983 5 510.448 382.173 
2 46 53 63 535.491 396.903 5 510.931 386.003 
2 90 155 193 538.088 193.339 5 520.114 160.963 
2 92 151 189 538.213 186.434 5 519.929 182.033 
2 77 140 182 538.289 161.922 5 520.189 126.471 
2 77 92 115 538.622 141.371 5 520.382 103.534 
2 25 29 27 539.964 428.538 5 515.765 421.975 
2 62 116 168 541.117 190.64 5 523.175 158.216 
2 90 108 132 541.583 157.345 5 524.011 121.354 
2 52 50 37 541.629 425.328 5 517.522 418.367 
2 57 65 83 542.925 160.958 5 525.334 125.825 
2 89 140 185 543.052 226.693 5 524.489 197.947 
2 124 163 193 543.408 238.594 5 524.435 211.396 
2 83 150 194 544.343 196.24 5 526.504 164.242 
2 87 155 198 544.961 215.359 5 526.859 185.624 
2 25 8 16 545.535 472.066 5 477.292 476.941 
2 101 159 200 545.581 224.708 5 527.101 195.449 
2 69 99 134 546.456 170.501 5 529.555 136.151 
2 43 43 42 546.566 485.46 5 630.458 261.308 
2 70 97 130 546.86 193.229 5 529.462 161.059 
2 60 69 81 546.872 403.493 5 524.847 394.18 
2 71 95 126 547.962 218.237 5 530.188 189.053 
2 21 26 36 548.346 466.437 5 480.855 469.803 
2 145 183 211 548.527 308.302 5 529.092 288.423 
2 116 176 206 548.68 314.563 5 529.237 295.67 
2 107 136 166 549.117 176.96 5 532.619 143.447 
2 7 10 14 549.937 474.964 5 483.566 479.07 
2 129 158 181 549.942 394.669 5 528.383 384.374 
2 77 93 118 549.943 263.031 5 532.942 304.447 
2 74 89 116 550.352 277.995 5 531.745 254.727 
2 8 9 13 551.329 482.223 5 486.165 490.73 
2 50 56 67 551.596 398.099 5 530.573 388.191 
2 77 89 112 551.618 311.932 5 532.446 292.04 
2 92 112 130 554.223 329.138 5 535.079 323.127 
2 34 17 28 555.697 464.999 5 490.234 467.926 
2 46 48 46 556.713 484.688 5 171.594 207.796 
2 71 79 92 559.719 364.451 5 540.928 351.045 
2 71 79 92 559.719 364.451 5 540.928 351.045 
2 47 35 47 561.224 465.442 5 498.058 468.632 
2 59 69 80 562.117 404.812 5 543.142 395.994 
2 139 151 166 562.497 462.797 5 499.427 465.131 
2 81 90 101 564.14 383.615 5 546.032 372.567 
2 96 119 144 564.679 271.32 5 548.8 248.007 
2 58 67 79 566.79 405.631 5 548.742 397.023 
2 15 17 22 569.526 474.869 5 507.515 481.887 
2 56 29 50 571.959 457.494 5 513.128 458.878 
2 104 128 154 573.853 173.107 5 561.731 140.546 
2 106 130 158 574.343 162.992 5 562.209 130.183 
2 17 23 23 574.872 419.778 5 557.91 412.613 
2 57 68 80 575.302 405.129 5 558.312 396.642 
2 110 136 163 576.351 228.544 5 563.383 201.98 
2 95 120 154 577.362 200.236 5 565.122 170.482 
2 80 98 121 577.683 169.582 5 566.198 137.3 
2 93 128 163 577.909 193.926 5 566.056 164.441 
2 0 0 0 578.178 589.889 5 88.1976 592.879 
2 99 112 120 579.167 536.102 5 505.084 95.4344 
2 76 153 197 579.908 186.313 5 593.067 169.448 
2 79 100 127 580.741 212.17 5 568.592 183.661 
2 93 106 118 581.54 348.376 5 567.156 333.934 
2 80 98 120 581.884 161.767 5 571.323 128.87 
2 101 120 137 582.051 323.133 5 568.111 305.977 
2 91 105 117 582.914 342.719 5 568.871 327.677 
2 83 105 128 585.166 228.78 5 573.371 200.418 
2 78 90 104 586.526 322.922 5 572.957 305.2 
2 103 133 159 586.539 238.619 5 575.363 213.34 
2 67 74 75 586.854 478.644 5 532.062 486.039 
2 148 195 218 587.268 297.231 5 599.757 285.128 
2 85 105 131 588.824 222.353 5 578.178 195.444 
2 79 92 104 589.499 329.592 5 576.822 313.542 
2 100 127 147 589.602 288.601 5 624.684 284.304 
2 100 127 147 589.602 288.601 5 577.631 268.122 
2 105 131 160 590.166 169.366 5 580.687 136.98 
2 104 127 156 590.92 183.521 5 581.193 153.123 
2 102 130 160 592.111 196.066 5 582.275 167.112 
2 102 130 160 592.111 196.066 5 582.275 167.112 
2 111 142 169 592.929 212.004 5 583.057 184.288 
2 129 187 216 594.91 246.41 5 584.596 223.143 
2 107 135 162 594.922 235.117 5 584.697 210.122 
2 107 135 162 594.922 235.117 5 584.697 210.122 
2 54 62 73 595.755 405.505 5 582.34 397.163 
2 191 216 228 596.225 265.621 5 609.196 252.768 
2 85 102 123 597.452 276.838 5 587.329 256.383 
2 85 102 123 597.452 276.838 5 587.329 256.383 
2 107 129 147 597.598 316.665 5 586.488 299.454 
2 46 58 81 599.061 243.625 5 589.454 219.343 
2 16 24 26 599.204 411.011 5 586.812 403.667 
2 100 119 134 599.514 324.326 5 588.77 308.504 
2 96 112 128 599.837 333.077 5 588.777 317.696 
2 48 54 60 600.078 394.126 5 587.984 384.914 
2 56 62 71 600.217 383.48 5 572.957 305.2 
2 72 55 85 600.595 454.617 5 553.164 455.167 
2 88 108 128 602.337 272.456 5 583.288 307.622 
2 144 188 209 602.393 202.446 5 594.234 175.259 
2 85 103 128 602.947 174.274 5 595.545 143.285 
2 85 106 127 605.103 227.461 5 597.131 201.57 
2 108 132 158 605.743 263.633 5 596.424 240.986 
2 110 133 157 606.36 271.64 5 597.389 250.476 
2 84 101 125 606.487 185.123 5 599.469 155.576 
2 83 100 124 607.895 241.579 5 599.744 217.528 
2 110 136 159 608.255 291.006 5 599.412 271.946 
2 109 134 165 608.796 177.156 5 602.299 147.198 
2 86 106 130 608.802 225.75 5 601.2 200.028 
2 164 203 220 608.825 303.285 5 599.757 285.128 
2 107 133 162 609.365 184.549 5 602.629 155.286 
2 112 140 167 609.621 199.482 5 601.949 171.476 
2 131 193 218 609.998 323.041 5 600.817 306.565 
2 131 193 218 609.998 323.041 5 600.817 306.565 
2 108 132 153 610.04 283.107 5 601.641 263.057 
2 101 121 138 611.169 295.72 5 624.684 284.304 
2 110 136 163 612.146 207.628 5 605.372 180.702 
2 112 137 164 612.513 215.927 5 582.741 176.89 
2 113 137 165 612.88 220.99 5 605.966 195.448 
2 113 140 167 613.956 233.12 5 607.04 208.332 
2 87 107 132 615.169 176.585 5 606.819 144.387 
2 112 136 154 616.814 301.314 5 609.025 283.322 
2 110 137 160 616.906 239.452 5 610.433 215.723 
2 110 137 160 617.054 247.085 5 610.457 224.272 
2 105 126 143 617.532 317.076 5 609.552 300.719 
2 87 104 124 617.907 283.21 5 610.73 263.786 
2 87 104 124 617.907 283.21 5 610.73 263.786 
2 87 105 128 618.436 225.611 5 580.45 239.642 
2 104 125 142 618.457 315.685 5 611.321 299.63 
2 104 125 142 618.457 315.685 5 611.321 299.63 
2 102 121 134 620.669 336.456 5 613.048 322.1 
2 98 112 125 621.292 345.815 5 613.601 332.58 
2 29 24 31 621.583 471.213 5 582.923 476.608 
2 103 124 141 621.592 309.463 5 614.55 292.245 
2 103 122 138 621.594 320.037 5 614.431 304.155 
2 90 103 123 621.81 298.402 5 615.011 280.212 
2 101 123 137 622.318 326.261 5 615.035 310.534 
2 139 205 235 622.417 227.447 5 616.921 202.702 
2 115 140 163 622.628 253.518 5 616.628 231.369 
2 87 105 129 622.656 194.795 5 632.976 161 
2 87 105 129 622.656 194.795 5 619.623 168.603 
2 140 166 148 622.868 358.399 5 614.953 346.893 
2 80 95 119 624.377 197.003 5 619.886 169.556 
2 60 68 85 626.173 348.674 5 619.057 335.404 
2 110 136 165 627.037 190.817 5 622.792 163.178 
2 111 134 152 627.479 295.661 5 621.526 277.384 
2 113 142 170 627.924 210.561 5 601.949 171.476 
2 89 106 128 627.984 245.701 5 623.789 224.597 
2 19 20 25 628.154 468.874 5 592.021 472.815 
2 169 205 220 628.313 308.095 5 622.262 291.705 
2 9 10 15 628.692 481.664 5 591.738 489.343 
2 110 136 164 628.98 203.805 5 625.023 177.395 
2 113 136 154 629.342 291.42 5 623.792 273.013 
2 83 97 108 631.08 337.687 5 625.216 324.306 
2 118 146 170 631.182 239.011 5 626.825 215.829 
2 56 64 70 631.486 466.938 5 596.916 470.847 
2 115 140 164 632.59 253.408 5 628.169 231.175 
2 176 210 225 633.575 261.647 5 629.053 240.846 
2 176 210 225 633.575 261.647 5 629.053 240.846 
2 113 141 170 634.271 189.331 5 632.976 161 
2 187 217 229 634.973 279.943 5 630.458 261.308 
2 110 135 167 635.251 188.61 5 632.976 161 
2 114 135 151 636.576 327.219 5 631.28 312.182 
2 116 135 155 636.784 308.131 5 632.167 291.855 
2 116 135 155 636.784 308.131 5 632.167 291.855 
2 115 135 150 637.371 322.143 5 632.774 307.221 
2 85 103 121 637.872 300.062 5 633.317 282.414 
2 104 125 139 637.882 341.081 5 632.532 327.689 
2 83 73 29 642.632 399.74 5 632.564 391.005 
2 24 34 22 644.009 397.089 5 633.942 388.063 
2 107 124 134 644.642 345.517 5 639.725 334.185 
2 86 87 85 653.437 447.463 5 641.588 445.143 
2 51 53 53 653.459 443.993 5 641.399 441.227 
2 76 92 47 659.071 332.557 5 664.029 324.572 
2 39 56 34 663.008 342.799 5 668.545 335.667 
2 50 68 40 664.613 335.371 5 669.904 327.612 
2 67 69 68 669.811 446.948 5 660.859 444.792 
2 17 19 19 677.391 428.833 5 680.714 424.594 
2 254 255 254 677.42 336.147 5 684.142 328.484 
2 60 81 52 678.358 338.906 5 685.029 331.343 
2 50 70 40 678.753 344.722 5 685.244 337.416 
2 85 101 93 679.103 352.567 5 685.104 345.899 
2 96 109 116 681.5 514.539 5 637.421 547.76 
2 74 85 91 682.053 517.275 5 635.852 553.335 
2 22 25 32 683.414 431.123 5 689.321 427.464 
2 62 74 58 683.501 343.176 5 690.387 335.592 
2 62 74 58 683.501 343.176 5 690.387 335.592 
2 39 57 36 684.325 359.879 5 690.772 354.074 
2 46 44 40 685.43 452.854 5 679.929 451.654 
2 252 253 253 687.288 343.873 5 694.203 336.545 
2 53 65 54 688.267 352.992 5 695.285 346.152 
2 251 251 252 690.011 348.726 5 697.353 341.866 
2 255 255 255 690.058 358.904 5 696.988 352.411 
2 250 251 251 690.363 355.086 5 697.455 348.518 
2 33 47 31 694.952 368.616 5 702.111 362.191 
2 50 51 51 695.043 458.814 5 691.206 458.567 
2 49 45 41 696.416 452.039 5 693.019 450.907 
2 49 46 41 696.648 452.712 5 693.6 451.715 
2 254 255 254 696.69 360.89 5 703.941 354.403 
2 254 254 254 702.093 366.918 5 710.017 360.612 
2 54 56 61 702.261 459.903 5 708.25 459.363 
2 255 255 255 708.384 304.43 5 707.15 290.376 
2 56 59 62 709.35 459.438 5 708.25 459.363 
2 101 115 122 710.79 508.517 5 685.846 535.927 
2 20 27 34 711.958 379.844 5 246.702 499.945 
2 72 74 77 712.336 446.716 5 712.222 444.904 
2 0 0 0 713.147 590.947 5 672.123 589.975 
2 12 20 22 713.98 432.49 5 721.874 429.308 
2 62 71 82 714.648 459.574 5 714.627 459.539 
2 70 71 69 716.03 452.402 5 716.134 451.143 
2 156 183 198 716.2 437.167 5 722.342 434.346 
2 49 54 53 716.698 443.224 5 719.443 441.498 
2 46 59 65 716.727 428.51 5 724.591 424.793 
2 104 115 122 717.099 507.902 5 695.27 535.491 
2 84 99 106 723.607 441.229 5 731.131 438.44 
2 53 51 46 731.074 452.437 5 734.026 451.48 
2 168 187 191 732.72 507.927 5 719.741 534.912 
2 98 115 128 735.362 503.624 5 580.45 239.642 
2 85 92 98 736.06 449.455 5 739.916 448.044 
2 85 92 98 736.06 449.455 5 739.916 448.044 
2 106 111 113 738.791 470.484 5 705.586 475.006 
2 55 56 55 741.245 451.09 5 745.964 450.14 
2 45 47 47 745.471 443.877 5 751.354 441.981 
2 111 103 62 745.761 357.926 5 756.434 352.057 
2 148 132 78 746.893 359.808 5 757.449 354.052 
2 39 50 44 750.065 383.573 5 757.96 375.109 
2 46 49 53 751.472 452.168 5 758.009 451.384 
2 100 93 60 751.68 358.788 5 762.826 352.994 
2 84 76 78 753.974 366.806 5 764.957 361.021 
2 84 76 78 753.974 366.806 5 764.957 361.021 
2 44 47 46 756.015 456.942 5 763.242 456.782 
2 61 75 84 759.729 436.337 5 770.01 433.801 
2 30 39 33 760.829 430.379 5 771.432 427.522 
2 30 39 33 760.829 430.379 5 771.432 427.522 
2 75 76 62 763.127 360.775 5 775.208 355.049 
2 32 38 28 764.385 429.492 5 775.176 426.571 
2 103 117 125 766.811 498.723 5 769.473 518.34 
2 47 50 48 767.187 444.043 5 776.233 442.407 
2 82 94 102 768.272 500.963 5 770.947 521.832 
2 82 94 99 768.904 440.515 5 779.198 438.285 
2 155 206 244 775.022 24.8586 5 259.794 96.5516 
2 177 216 251 780.949 78.135 5 742.835 355.152 
2 255 255 255 783.344 352.653 5 785.638 346.292 
2 75 94 104 787.754 439.766 5 786.737 462.498 
2 203 199 173 788.413 378.086 5 788.403 372.019 
2 0 0 0 791.843 477.721 5 310.979 211.095 
2 0 0 0 791.848 305.252 5 791.848 305.252 
2 0 0 0 792.843 254.264 5 792.838 254.275 
2 84 93 98 793.994 591.54 5 794.588 591.953 
2 0 0 0 794.988 544.071 5 794.982 543.984 
2 0 0 0 797.504 127.627 5 288.296 483.134 
