nFeatures: 3930
2 255 255 255 5.08304 116.978 3 49.0748 166.783 
3 79 71 51 7.15528 197.921 2 11.255 225.237 5 259.685 103.719 
2 92 111 119 8.59339 428.455 3 8.02972 452.031 
2 65 69 70 9.0395 453.917 4 515.801 261.351 
2 26 36 28 12.7186 392.511 5 749.132 494.114 
2 72 86 96 13.5028 431.628 3 509.4 412.766 
2 72 86 96 13.5028 431.628 3 8.02972 452.031 
2 66 81 53 15.9305 163.457 4 399.887 463.553 
2 21 32 32 16.3563 256.503 4 781.204 498.683 
3 27 37 36 17.9628 246.402 2 359.959 188.997 3 303.225 184.717 
2 39 44 43 20.6171 226.174 4 702.261 459.903 
2 48 41 26 22.5457 330.566 2 527.825 443.917 
2 157 168 165 23.2398 239.403 4 353.208 452.168 
2 118 144 163 24.7571 514.103 4 608.825 303.285 
2 85 70 41 26.174 303.86 5 217.837 463.77 
2 96 76 43 27.3886 297.661 5 210.485 463.168 
2 48 55 61 28.0291 493.4 3 348.721 283.829 
2 30 39 39 34.9196 246.998 5 689.321 427.464 
2 103 128 148 39.6734 500.658 5 182.573 444.545 
2 91 111 152 42.8082 68.6634 4 699.884 370.106 
2 101 117 123 44.7742 434.743 4 210.953 515.961 
2 99 119 134 46.0733 430.849 3 746.511 452.693 
2 58 72 90 47.0875 526.478 3 559.356 261.083 
3 244 249 254 48.7564 33.4742 2 610.037 217.304 4 472.349 277.984 
3 53 70 96 49.7568 54.0226 2 211.706 546.995 3 109.629 538.602 
2 48 55 63 55.2032 489.003 2 240.859 455.121 
3 95 119 139 55.8866 497.051 3 540.983 228.848 4 510.887 226.129 
2 82 97 111 56.5676 538.55 3 644.833 572.771 
2 0 0 0 57.4337 594.943 2 778.089 594.977 
2 38 58 57 58.9126 200.007 2 89.0649 228.316 
2 38 58 57 58.9126 200.007 2 89.0649 228.316 
5 215 237 244 59.6058 160.936 2 91.1267 191.03 3 79.511 194.447 4 36.3025 170.408 5 10.2986 150.262 
2 72 86 99 61.0661 429.636 2 335.616 195.719 
2 95 117 131 61.7885 426.795 4 677.637 514.784 
2 50 65 73 65.2908 191.39 2 96.6183 219.944 
3 248 251 252 66.3255 160.836 2 97.1272 190.559 4 42.8895 170.28 
2 254 255 254 69.9288 185.984 2 99.8616 214.766 
2 255 255 255 70.2167 168.614 2 100.045 198.084 
4 81 99 98 70.4278 192.85 2 101.025 221.159 3 90.6971 225.207 4 49.336 203.336 
2 28 27 24 71.2718 421.982 5 700.394 356.561 
5 0 0 0 71.3567 593.906 2 478.446 590.938 3 578.159 589.874 4 478.154 590.819 5 578.2 589.869 
2 213 228 236 73.7301 203.609 2 103.521 231.526 
3 211 219 224 74.4741 189.732 2 104.956 218.105 3 94.8855 221.773 
2 253 253 253 75.3422 176.428 2 105.696 204.746 
2 79 95 90 75.6917 179.854 2 106.014 208.715 
3 63 82 78 77.6507 192.319 2 107.576 220.401 4 56.786 202.413 
2 77 94 91 78.2907 195.54 2 109.382 224.047 
2 77 94 91 78.2907 195.54 2 109.382 224.047 
3 69 79 72 78.6784 199.079 2 109.019 227.617 4 57.4161 209.264 
3 247 248 249 79.1072 189.213 2 108.966 217.154 4 57.4791 199.102 
2 82 108 105 82.183 195.209 2 111.811 223.137 
2 62 81 81 84.4081 215.133 3 90.9242 242.938 
5 254 255 254 85.3503 192.719 2 115.359 220.594 3 105.73 224.154 4 65.3666 202.842 5 44.1334 185.37 
4 150 165 174 86.9764 187.794 3 105.56 219.196 4 65.8355 197.812 5 43.6164 180.064 
2 150 165 174 86.9764 187.794 4 65.8355 197.812 
3 94 116 134 87.2594 491.178 3 540.983 228.848 4 510.887 226.129 
2 60 65 68 88.1708 436.688 3 584.562 419.062 
3 0 0 0 88.285 592.839 3 578.159 589.874 5 578.2 589.869 
2 255 255 254 93.5988 201.868 2 122.662 228.53 
3 65 74 81 95.7307 487.876 4 714.648 459.574 5 714.627 459.539 
2 55 66 59 96.16 236.351 2 123.064 261.773 
2 55 66 59 96.16 236.351 2 123.064 261.773 
2 47 62 61 98.2831 217.662 2 124.643 244.717 
2 47 62 61 98.2831 217.662 2 124.643 244.717 
2 95 120 139 100.265 491.756 3 540.983 228.848 
2 255 255 255 100.359 196.903 2 129.33 224.062 
2 27 32 27 104.266 393.708 5 715.688 528.915 
2 63 74 78 105.478 486.098 5 650.716 461.449 
4 255 255 255 107.735 212.758 2 133.311 238.528 3 120.34 241.347 4 82.4595 221.513 
2 255 255 255 108.74 222.634 3 121.183 251.675 
2 74 94 108 110.383 230.097 2 135.875 255.413 
2 0 0 0 112.236 591.883 3 578.159 589.874 
4 255 254 254 112.276 237.507 2 137.85 262.687 3 125.132 265.966 4 88.0002 247.302 
2 67 92 104 113.362 244.378 2 138.846 269.491 
2 61 87 91 113.367 232.375 2 139.092 257.442 
2 70 83 98 113.463 522.022 3 348.036 480.684 
3 254 255 255 115.765 247.749 2 142.458 256.36 3 130.027 259.618 
3 255 255 255 116.75 231.328 2 142.458 256.36 3 130.027 259.618 
2 120 143 157 117.537 504.015 3 746.511 452.693 
3 87 104 127 126.023 270.171 4 678.358 338.906 5 685.029 331.343 
2 68 79 85 130.246 439.745 3 109.102 553.197 
2 228 222 185 131.39 356.167 2 158.891 382.021 
2 48 55 61 131.453 332.684 3 671.563 498.484 
2 83 95 104 131.96 414.09 3 546.181 240.108 
2 84 100 112 132.104 528.61 2 583.319 287.824 
2 220 209 178 132.831 344.075 3 132.885 375.893 
2 236 227 194 133.229 348.403 3 132.885 375.893 
2 234 226 199 134.023 334.925 5 528.383 384.374 
2 29 36 34 134.57 351.668 3 135.062 378.442 
3 40 50 58 137.582 332.192 2 156.169 358.219 5 288.296 483.134 
2 43 58 32 144.168 431.17 3 787.059 466.997 
2 43 49 52 145.626 437.608 2 785.884 364.138 
2 85 89 32 147.371 423.159 5 597.831 371.941 
2 236 244 250 152.897 168.131 4 749.426 106.204 
2 132 145 139 157.765 282.803 3 244.19 256.862 
2 68 81 32 158.366 424.779 2 113.562 446.364 
3 60 70 80 159.511 519.877 2 99.8427 555.19 5 220.36 515.917 
2 36 47 61 161.502 283.554 3 270.906 207.19 
2 32 45 25 162.002 429.884 2 492.599 466.102 
2 88 101 108 165.176 274.247 3 558.389 235.197 
2 59 67 82 165.23 512.533 4 527.465 257.708 
2 63 60 54 168.397 359.056 3 35.9194 228.001 
2 18 24 19 171.047 395.101 3 748.603 445.178 
2 46 52 57 171.671 438.179 2 127.22 464.017 
2 143 156 168 173.8 246.659 2 223.517 238.415 
2 63 66 76 176.797 511.008 2 35.4241 499.787 
2 61 70 83 177.133 518.054 5 220.36 515.917 
2 41 44 40 183.015 382.794 3 565.637 364.903 
2 123 137 151 184.851 237.495 2 253.329 205.313 
2 90 102 112 185.215 261.511 5 370.734 83.9829 
2 246 248 247 185.902 253.27 2 521.614 371.957 
2 89 98 109 189.861 426.731 2 35.9772 452.332 
2 114 135 156 189.977 233.249 2 215.07 247.22 
2 44 55 92 192.661 400.974 4 598.525 210.684 
4 42 51 94 193.25 397.897 2 43.7245 416.732 4 598.525 210.684 5 209.783 172.63 
2 47 63 99 194.638 381.855 2 47.1573 397.549 
2 47 63 99 194.638 381.855 2 47.1573 397.549 
2 97 108 114 195.659 520.455 3 552.057 360.442 
2 52 52 49 199.81 348.037 2 60.0283 358.035 
2 43 41 39 201.868 353.434 2 61.5946 364.477 
2 72 84 97 203.131 259.399 2 212.808 280.65 
2 48 90 96 218.049 269.644 2 225.23 290.016 
2 32 54 62 222.455 249.553 2 225.891 278.375 
2 253 253 253 223.807 200.471 2 246.308 209.333 
2 47 91 97 224.279 262.765 2 228.815 283.472 
2 47 94 102 224.937 257.553 2 231.493 277.231 
2 48 96 105 231.031 254.551 2 236.645 274.289 
3 136 132 113 231.324 513.588 2 6.34012 571.173 5 626.734 276.264 
2 116 154 178 240.145 416.952 4 101.373 429.493 
2 116 154 178 240.145 416.952 4 101.373 429.493 
4 116 154 178 240.145 416.952 2 210.478 440.5 3 117.297 445.675 4 101.373 429.493 
2 100 109 111 240.938 267.763 2 244.326 287.199 
2 149 155 180 244.89 186.07 2 253.329 205.313 
3 77 80 83 248.595 281.244 2 250.208 299.259 4 185.444 283.045 
2 40 45 51 249.408 354.757 2 249.089 377.982 
2 66 93 117 250.645 309.894 2 251.206 328.736 
2 93 92 95 251.921 267.534 2 253.473 285.936 
2 39 54 56 253.536 240.626 2 256.62 257.698 
2 18 24 20 254.207 430.812 2 225.111 455.933 
2 52 56 65 254.4 316.227 2 254.715 333.982 
2 234 221 196 255.458 268.32 2 256.768 286.69 
2 255 254 253 255.825 277.377 2 256.325 295.214 
2 188 188 177 256.59 242.962 2 258.873 260.628 
3 48 74 93 256.598 362.477 3 253.609 375.135 4 231.135 362.304 
3 66 86 87 257.902 434.208 2 228.318 459.541 5 214.978 191.084 
2 155 158 146 258.123 249.695 2 260.382 267.776 
2 248 238 211 259.018 267.243 2 259.889 285.495 
2 122 179 210 262.124 171.548 2 268.057 189.437 
3 86 90 95 262.146 278.03 2 262.41 295.516 4 194.983 281.082 
2 185 190 185 262.239 235.433 2 263.445 252.674 
2 14 24 14 263.288 430.598 2 240.859 455.121 
2 80 68 69 264.1 477.389 4 363.312 457.722 
2 47 68 75 264.476 345.479 5 201.458 312.339 
3 255 255 255 264.5 286.379 2 264.112 303.559 4 195.916 288.195 
3 255 255 255 264.5 286.379 2 264.112 303.559 4 195.916 288.195 
2 58 75 91 264.676 330.682 2 262.97 349.862 
2 58 75 91 264.676 330.682 2 262.97 349.862 
2 109 107 95 264.94 501.349 2 34.5605 566.729 
2 46 52 61 267.331 328.141 2 265.927 347.382 
3 57 67 55 267.779 434.038 2 240.743 459.341 4 132.907 449.369 
2 53 56 65 267.941 315.838 2 266.432 334.705 
2 34 58 63 268.154 252.596 2 268.969 269.67 
2 91 92 97 269.036 273.228 2 268.57 290.83 
2 54 58 65 269.931 320.213 2 268.096 338.438 
2 49 52 59 270.918 325.059 2 268.957 343.911 
3 255 254 255 271.858 165.807 2 277.475 183.425 4 323.027 129.68 
2 54 61 47 274.564 433.534 5 493.227 212.511 
3 155 200 224 274.581 195.483 2 479.634 220.165 3 449.932 208.219 
2 123 184 213 274.878 181.339 2 282.024 197.748 
2 117 117 108 275.516 321.65 5 7.36851 223.866 
2 118 124 129 275.604 249.388 2 275.174 266.019 
2 250 247 226 277.278 252.891 2 276.302 269.295 
2 94 96 99 278.105 503.665 2 86.7586 553.303 
2 134 150 157 278.615 239.18 2 277.512 255.847 
2 155 169 170 278.669 234.641 3 291.769 276.405 
2 108 107 102 279.899 322.825 2 276.68 341.71 
2 11 19 23 279.921 355.593 2 276.067 375.833 
2 74 81 94 280.019 272.875 2 278.168 290.337 
2 73 83 98 280.659 252.668 2 279.313 269.068 
2 71 78 88 280.769 305.16 2 278.216 323.276 
2 255 255 255 281.153 156.604 2 284.732 176.17 
2 29 39 39 281.19 332.11 2 277.849 351.016 
3 149 179 202 282.616 166.465 2 287.815 183.188 4 419.934 100.943 
3 149 179 202 283.058 166.237 2 287.815 183.188 4 419.934 100.943 
2 53 60 68 283.532 354.207 2 279.321 374.116 
2 55 101 127 285.188 229.319 4 215.931 224.145 
2 254 254 254 285.388 162.626 2 290.183 179.598 
2 253 253 251 286.507 213.217 2 285.242 228.794 
2 71 97 123 286.872 289.042 2 284 306.753 
2 21 29 24 287.124 427.381 3 23.1234 566.732 
2 50 53 57 287.245 402.546 2 281.219 425.567 
2 65 67 75 287.603 305.356 2 284.107 323.314 
2 80 84 95 287.691 268.02 2 284.712 284.424 
2 41 40 44 287.872 245.999 2 286.067 261.787 
2 40 44 33 289.607 434.246 2 264.722 459.587 
2 58 61 68 290.589 318.948 2 286.474 337.81 
2 189 188 178 291.019 255.94 2 288.224 272.068 
2 231 225 209 292.013 236.949 2 406.417 247.023 
2 118 124 128 292.539 266.36 2 289.289 282.245 
2 143 135 119 293.868 308.094 2 289.506 325.491 
2 140 138 123 294.455 327.68 2 289.353 346.167 
2 75 74 76 294.535 303.881 2 290.014 321.083 
2 33 48 50 295.834 272.981 2 292.087 289.162 
2 33 48 50 295.834 272.981 2 292.087 289.162 
2 255 254 254 295.877 209.067 2 293.219 223.982 
2 218 214 200 296.53 256.118 2 292.884 271.71 
2 113 127 138 296.914 263.285 2 292.863 279.204 
2 43 46 51 296.968 363.769 2 290.942 383.809 
2 255 254 254 298.885 195.374 2 296.108 210.062 
2 137 140 138 299.644 282.173 2 295.239 298.589 
2 162 158 141 299.656 295.948 2 294.846 311.704 
2 14 22 26 301.004 351.563 2 294.852 372.036 
2 94 114 128 301.337 533.001 5 424.889 588.176 
2 22 35 38 301.764 328.067 2 296.166 346.058 
2 74 78 85 301.881 316.432 2 295.761 333.856 
3 187 180 163 302.536 321.072 2 296.541 338.808 3 244.266 338.326 
2 82 86 91 302.96 300.094 2 297.715 316.872 
4 97 107 113 302.985 249.327 2 299.238 264.943 3 250.748 261.087 4 227.124 249.16 
3 89 95 102 303.105 293.439 2 298.163 310.262 4 223.919 295.281 
2 120 127 137 303.524 191.835 2 300.59 206.01 
2 119 122 120 304.916 304.371 2 299.078 321.398 
2 76 93 109 304.967 313.804 2 299.105 330.994 
2 87 108 123 305.347 533.054 3 606.926 586.359 
2 241 239 224 305.605 203.574 2 302.48 217.598 
2 221 217 215 305.621 186.692 3 255.485 193.673 
2 66 77 87 305.851 329.615 2 300.172 347.002 
2 89 109 120 306.153 584.236 5 477.711 584.641 
3 255 255 255 306.184 156.711 2 410.717 140.509 4 349.051 121.986 
4 110 121 130 306.205 280.433 2 300.946 296.379 3 250.123 292.705 4 226.946 281.265 
2 111 137 155 306.668 435.884 2 281.94 461.76 
2 210 204 184 307.097 258.875 2 302.324 274.041 
2 251 251 251 307.718 197.736 2 304.06 211.59 
2 56 64 80 307.92 305.772 2 301.888 322.652 
2 60 65 77 309.028 298.576 2 303.34 314.749 
2 88 108 123 309.62 534.54 2 561.621 585.843 
2 76 103 130 309.77 274.531 2 309.504 289.325 
2 135 144 147 313.265 261.398 2 307.316 276.561 
2 55 58 66 314.279 353.116 2 306.328 372.268 
2 237 237 234 315.045 203.685 2 310.313 217.357 
2 142 149 151 315.251 246.838 2 309.909 261.101 
2 64 71 81 315.504 334.596 2 308.099 352.397 
2 255 255 254 316.614 227.149 4 237.959 222.94 
2 240 239 232 316.773 190.619 2 312.05 203.461 
2 59 65 74 317.061 317.297 2 309.911 334.143 
3 14 23 27 317.508 419.793 3 115.547 513.021 4 129.443 490.829 
2 31 48 51 317.679 265.646 3 259.881 274.774 
3 31 48 51 317.679 265.646 2 311.808 280.177 3 259.881 274.774 
2 51 54 62 317.921 358.034 2 309.627 377.375 
2 82 107 126 318.027 355.38 2 309.982 374.413 
2 124 131 136 318.096 260.947 2 311.54 275.374 
3 146 174 197 318.587 157.041 3 337.639 146.394 4 419.934 100.943 
2 50 94 95 318.773 273.544 2 547.86 263.661 
2 198 197 190 319.297 239.95 2 313.264 253.995 
2 35 45 24 321.345 432.322 2 316.036 457.748 
2 73 85 102 321.679 259.374 2 315.232 273.804 
3 50 53 60 321.918 363.065 2 313.105 382.536 4 232.969 370.66 
2 19 33 38 322.124 420.358 4 354.601 218.497 
2 253 253 251 322.128 182.706 2 316.88 195.224 
2 92 115 129 324.963 424.882 2 321.74 450.123 
2 22 37 43 325.252 323.888 2 317.423 340.995 
2 55 75 99 325.726 204.077 2 320.341 216.395 
2 68 76 87 327.425 503.536 5 626.734 276.264 
2 81 101 118 329.538 299.189 2 321.371 315.039 
2 20 35 40 329.866 387.643 2 320.243 408.651 
2 254 255 255 330.836 217.814 2 324.909 233.804 
2 64 70 81 331.58 316.138 2 323.618 332.555 
2 255 255 255 331.626 205.442 2 326.048 217.16 
2 60 67 82 331.863 305.314 2 323.531 321.171 
2 49 60 79 332.434 291.798 2 324.478 306.696 
3 255 255 255 333.049 214.565 2 325.396 233.065 4 256.745 221.144 
3 103 131 144 333.242 423.604 2 306.945 447.541 3 255.811 454.078 
2 186 188 195 335.898 211.899 5 304.179 158.327 
2 252 253 253 335.961 149.524 2 290.183 179.598 
2 186 188 198 335.966 207.103 4 655.713 459.932 
2 254 254 250 336.42 241.613 2 328.895 254.434 
2 47 89 95 336.506 402.58 2 325.387 425.292 
3 102 145 176 338.064 152.625 4 342.879 127.418 5 280.874 100.72 
2 80 89 99 338.671 327.335 2 329.213 344.441 
3 64 68 76 339.339 383.316 2 328.364 403.989 4 244.797 392.865 
2 40 50 65 339.473 585.239 4 343.218 578.611 
2 142 150 156 339.786 244.337 2 331.88 257.224 
2 165 173 177 340.321 233.632 2 332.414 246.172 
2 73 77 87 340.872 330.626 2 330.907 347.535 
2 18 28 33 341.876 386.696 2 330.99 407.936 
2 70 75 85 342.351 314.424 2 332.347 330.167 
2 83 99 95 342.61 429.62 5 182.048 263.114 
2 198 198 194 342.813 237.127 2 334.492 249.449 
2 223 224 219 342.832 221.657 2 335.001 233.683 
2 194 196 202 343.04 184.642 2 335.616 195.719 
2 249 255 255 343.138 146.689 2 338.578 164.392 
2 136 147 155 343.334 250.877 2 334.39 263.471 
2 164 173 177 344.43 241.151 2 335.557 253.855 
2 78 82 92 344.588 296.782 2 335.055 311.537 
4 211 212 213 344.965 194.531 2 336.89 206.005 3 582.581 217.635 4 550.424 216.033 
3 205 211 212 345.054 211.038 3 294.779 512.221 4 146.377 529.936 
2 110 122 130 346.782 290.673 2 337.15 305.162 
2 62 66 82 346.854 250.285 2 338.008 262.79 
2 108 119 128 347.949 293.404 2 338.151 307.667 
2 105 128 142 348.42 351.913 2 338.39 370.027 
2 105 128 142 348.42 351.913 2 338.39 370.027 
3 102 109 119 349.329 243.07 2 340.176 256.151 4 262.297 239.097 
3 52 75 99 350.808 192.339 2 342.981 202.444 4 267.475 182.512 
2 52 75 99 350.808 192.339 2 342.981 202.444 
3 19 25 28 351.007 345.242 2 340.259 361.742 4 257.159 352.286 
3 14 21 25 351.735 335.105 2 341.89 351.291 4 258.622 339.247 
2 27 42 46 351.768 318.947 2 341.611 334.662 
3 13 19 23 353.056 349.287 2 341.307 366.915 4 258.384 355.061 
2 56 57 66 354.256 366.73 2 342.385 386.94 
2 253 250 244 354.733 257.066 2 344.962 269.637 
2 121 124 127 354.971 246.466 2 345.113 258.968 
3 121 124 127 355.031 246.314 2 345.113 258.968 4 267.297 240.867 
2 254 254 254 355.031 191.618 2 347.504 201.66 
3 66 71 80 356.12 382.136 3 279.628 404.942 4 258.739 391.459 
2 127 127 126 356.4 237.02 2 346.725 248.457 
2 85 103 118 357.084 335.432 2 346.006 351.821 
3 82 97 109 357.258 341.981 2 345.788 358.259 4 262.844 346.552 
3 226 219 203 357.937 253.724 3 289.662 258.447 4 268.623 248.993 
2 207 202 199 358.164 167.651 2 349.691 177.052 
2 207 202 199 358.164 167.651 2 349.691 177.052 
3 255 255 255 358.171 195.042 2 350.289 204.343 4 274.607 184.416 
3 255 255 255 358.171 195.042 2 351.03 205.479 4 274.607 184.416 
2 104 118 133 358.254 308.309 2 347.572 323.314 
2 104 118 133 358.254 308.309 2 347.572 323.314 
2 116 126 136 358.789 263.928 2 348.637 276.779 
2 75 79 87 358.807 368.532 2 346.754 388.426 
3 254 255 255 358.92 195.746 2 351.03 205.479 4 274.607 184.416 
2 250 255 255 359.166 142.949 5 164.347 149.314 
2 250 255 255 359.262 143.418 2 338.578 164.392 
2 15 24 31 361.322 385.248 2 349.092 405.661 
2 97 124 158 361.464 146.433 2 326.359 171.585 
2 87 108 120 362.453 541.913 2 341.986 579.672 
2 254 252 247 362.499 232.153 4 273.461 225.369 
2 175 177 182 362.977 197.324 2 353.459 207.031 
2 179 180 179 364.43 259.307 2 353.878 270.988 
2 184 186 187 364.596 190.309 2 354.823 199.982 
5 87 103 127 365.881 278.39 2 355.057 291.283 3 294.655 285.224 4 273.22 275.881 5 212.291 247.494 
3 78 92 111 366.243 303.401 2 355.152 317.646 4 272.032 303.571 
2 173 177 182 366.252 207.073 5 494.213 293.013 
2 83 99 120 366.403 264.752 3 349.942 225.176 
2 174 180 184 366.559 201.467 2 356.586 210.969 
2 228 226 222 366.661 178.318 2 356.913 187.628 
2 83 99 121 366.967 258.997 2 356.483 270.734 
2 229 228 221 367.141 183.901 2 357.481 192.892 
2 86 108 131 368.184 252.782 2 357.372 265.038 
4 85 106 130 369.053 233.762 2 358.951 244.757 3 300.005 234.924 4 278.834 226.421 
2 90 111 138 369.09 225.526 2 359.008 235.813 
2 90 108 135 369.49 186.92 2 359.668 196.039 
3 19 28 30 370.147 386.746 2 359.821 407.892 4 274.334 396.654 
2 77 87 108 370.512 318.273 2 359.773 333.447 
3 92 112 143 370.594 167.803 2 361.128 176.505 3 157.638 295.414 
2 54 64 74 372.972 382.863 2 362.151 403.552 
2 125 163 188 373.387 142.76 3 337.639 146.394 
2 52 61 72 375.092 438.373 3 294.561 478.446 
2 252 255 255 375.425 139.323 4 340.487 124.85 
3 74 86 105 376.398 311.513 2 366.74 326.493 5 226.19 289.305 
2 74 86 105 376.398 311.513 2 366.74 326.493 
4 58 70 81 379.623 438.977 2 489.1 473.468 3 294.561 478.446 4 367.403 464.988 
2 79 96 117 380.797 295.657 2 371.997 309.378 
3 86 107 133 381.581 158.133 2 407.585 179.925 4 321.19 154.977 
4 81 102 126 381.739 218.197 2 373.141 228.227 3 317.895 218.196 5 241.358 175.273 
3 81 102 126 381.739 218.197 2 373.141 228.227 3 317.895 218.196 
3 82 103 128 382.474 228.549 3 318.586 229.585 4 297.021 221.874 
4 147 170 189 382.531 372.854 2 372.586 392.466 3 310.104 394.166 4 288.458 381.429 
2 147 170 189 382.531 372.854 2 372.586 392.466 
2 147 170 189 382.531 372.854 2 372.586 392.466 
2 255 255 255 382.99 135.923 2 295.967 177.045 
4 84 107 135 384.546 187.871 3 323.17 185.561 4 301.453 178.046 5 248.557 139.392 
4 84 107 135 384.546 187.871 3 323.17 185.561 4 301.453 178.046 5 248.557 139.392 
3 100 124 153 385.085 216.293 3 322.772 216.181 4 300.924 208.514 
2 134 157 173 386.853 444.038 2 351.929 470.511 
2 134 157 173 386.853 444.038 2 351.929 470.511 
2 56 63 75 388.274 382.004 2 379.699 402.537 
4 99 121 144 389.154 288.215 3 325.667 296.152 4 303.568 287.221 5 248.229 260.783 
3 80 104 121 389.8 432.112 2 391.784 459.346 3 308.906 468.297 
2 83 93 108 390.276 342.639 2 382.832 359.513 
3 40 42 29 390.967 392.558 2 113.207 459.765 3 353.227 444.782 
3 97 120 143 391.059 251.8 2 384.357 263.239 4 308.092 247.631 
2 14 15 26 392.892 438.53 2 359.716 463.484 
2 14 15 26 392.892 438.53 5 701.939 427.898 
4 94 117 148 394.895 182.152 2 385.96 190.846 3 331.939 184.468 4 310.964 175.731 
3 94 115 142 395.019 241.936 2 388.652 253.098 4 313.18 237.099 
2 128 152 166 395.56 443.459 2 448.178 479.859 
3 78 104 120 396.24 432.356 3 319.08 469.314 4 271.802 448.985 
2 41 49 59 397.958 435.736 5 181.822 447.725 
3 132 155 179 398.929 136.089 3 337.639 146.394 4 419.934 100.943 
2 85 103 117 399.287 536.644 3 109.102 553.197 
2 242 252 252 401.049 132.949 3 364.069 133.868 
2 79 92 113 401.262 312.381 5 271.236 235.145 
3 97 125 149 401.441 239.275 2 395.787 249.925 4 321.483 234.02 
3 97 125 149 401.441 239.275 2 395.787 249.925 4 321.483 234.02 
3 84 106 130 404.764 223.971 2 399.922 233.84 3 559.842 274.666 
3 150 195 217 404.77 165.826 2 406.223 176.885 3 367.655 168.442 
3 82 102 126 405.069 250.666 2 400.391 262.024 3 349.155 254.223 
2 82 103 128 405.125 281.398 2 400.514 294.018 
2 82 104 132 405.265 236.322 2 400.343 246.437 
4 86 108 133 405.316 261.561 3 347.654 273.808 4 527.016 251.387 5 505.474 292.02 
2 82 98 121 405.345 290.982 2 423.689 245.501 
2 83 104 131 406.092 168.896 2 407.585 179.925 
4 98 121 148 406.51 187.194 2 401.409 195.327 3 352.202 184.093 4 329.729 176.972 
4 99 118 142 406.514 193.935 2 401.778 203.086 3 352.383 192.321 4 329.744 185.263 
3 123 159 186 407.562 133.891 2 408.746 143.887 4 419.934 100.943 
4 171 206 219 408.464 166.404 2 409.435 177.071 4 346.071 160.655 5 309.25 125.914 
2 142 173 202 408.553 261.129 3 566.107 316.751 
3 128 172 205 408.962 232.367 2 404.07 242.044 5 509.478 253.233 
2 142 172 202 409.073 262.218 4 331.126 261.195 
2 232 254 255 409.409 130.004 2 410.717 140.509 
3 241 247 247 409.743 130.586 2 410.717 140.509 4 349.051 121.986 
2 133 166 197 409.933 208.836 4 791.897 575.001 
2 12 16 19 410.106 407.596 4 322.903 424.392 
5 126 169 199 410.119 200.284 2 794.757 592.062 3 794.682 591.961 4 793.994 591.54 5 794.588 591.953 
2 37 40 29 413.014 393.621 2 171.999 460.893 
2 26 33 32 413.107 419.54 5 487.988 96.6734 
2 52 62 77 413.517 442.406 3 294.561 478.446 
2 79 103 122 413.998 433.51 3 296.293 193.109 
2 79 103 122 413.998 433.51 2 506.079 461.097 
2 125 178 212 414.307 311.489 2 663.085 380.829 
2 129 162 195 416.364 211.414 2 413.448 228.07 
2 128 151 169 418.286 445.558 4 605.643 287.595 
4 38 43 52 418.616 437.432 2 492.599 466.102 3 383.582 475.492 5 464.412 348.322 
3 148 190 209 419.012 156.865 2 419.915 166.971 3 381.725 156.919 
3 124 149 166 419.706 492.501 4 159.922 232.15 5 491.903 161.232 
2 159 185 211 421.298 267.995 4 605.643 287.595 
2 57 70 83 421.304 440.454 2 381.862 465.602 
2 149 184 212 421.748 256.928 2 293.249 549.113 
3 131 167 199 421.84 205.204 2 419.389 214.74 4 349.837 198.099 
2 129 175 209 422.069 291.887 4 349.532 256.322 
2 34 46 26 422.367 430.293 2 387.366 455.347 
3 144 174 204 422.57 264.702 4 349.375 262.326 5 509.216 243.334 
2 125 169 201 422.94 237.241 2 421.175 247.117 
2 122 169 202 422.956 231.358 2 598.038 319.523 
2 35 41 49 423.938 438.095 3 301.965 472.64 
3 80 96 116 424.143 192.944 2 421.713 201.663 3 609.326 159.111 
3 59 76 101 424.943 285.037 2 423.097 297.402 3 115.547 513.021 
2 66 83 110 425.48 269.963 4 352.162 268.329 
3 126 150 174 425.524 129.086 2 503.805 112.532 3 337.639 146.394 
2 129 152 168 425.685 448.492 5 692.353 433.529 
3 69 86 109 425.698 234.654 2 423.689 245.501 3 377.051 267.273 
4 70 82 108 425.987 230.977 2 424.001 241.156 3 376.832 262.127 5 505.474 292.02 
3 66 83 109 426.165 218.559 2 423.097 297.402 4 352.162 268.329 
4 71 87 115 426.407 206.967 2 424.243 216.551 3 378.623 206.808 4 355.293 200.111 
3 225 239 241 426.507 174.645 2 427.877 184.881 3 388.428 175.664 
3 97 114 132 427.875 197.512 2 425.675 206.589 3 380.343 196.303 
2 230 255 254 427.903 125.397 2 428.665 134.936 
2 78 102 117 428.371 434.599 3 308.906 468.297 
2 130 154 170 428.93 446.948 4 261.948 462.344 
2 11 15 24 432.063 434.976 2 396.741 459.944 
2 11 15 24 432.063 434.976 2 396.741 459.944 
2 10 15 20 432.293 431.469 3 314.618 464.162 
2 10 15 20 432.293 431.469 3 314.618 464.162 
3 85 108 126 435.816 435.091 3 319.08 469.314 4 271.802 448.985 
3 66 79 94 443.996 442.119 2 418.132 469.172 5 202.425 455.504 
2 80 95 108 445.23 491.561 2 352.215 533.101 
2 94 130 161 449.078 123.079 4 342.879 127.418 
3 83 99 112 449.299 587.142 4 526.707 586.158 5 424.554 587.28 
2 183 220 227 449.645 185.231 2 451.059 194.094 
2 61 70 78 450.741 490.492 2 352.215 533.101 
2 63 75 88 450.892 445.772 3 235.566 254.873 
3 27 40 21 451.906 432.431 2 429.028 457.958 5 290.761 443.858 
2 89 98 112 452.38 193.416 2 455.129 203.462 
2 189 211 220 453.48 186.567 4 793.994 591.54 
2 234 252 253 453.895 119.383 2 454.694 126.464 
2 132 152 171 455.945 150.568 3 468.94 128.082 
2 92 123 155 456.301 121.034 2 508.482 111.152 
2 147 185 211 458.21 215.393 5 384.019 288.522 
2 180 208 219 459.626 153.776 2 461.32 161.526 
2 182 210 221 460.854 154.216 2 462.249 161.914 
2 80 94 103 462.5 443.916 3 332.23 480.892 
2 165 194 213 463.813 260.706 3 266.381 406.65 
3 32 37 41 466.062 440.218 3 336.262 475.764 4 320.029 457.995 
2 59 69 81 466.141 446.979 2 337.57 422.232 
2 57 62 60 470.302 407.245 3 746.511 452.693 
2 79 94 108 471.146 584.895 4 146.696 586.972 
3 128 162 186 471.423 178.514 2 472.962 185.85 4 440.072 161.643 
2 143 184 209 471.828 213.483 4 620.938 408.6 
3 79 93 106 471.842 585.834 4 146.696 586.972 5 473.133 587.761 
2 143 184 209 472.243 213.161 4 210.893 452.061 
2 143 184 209 472.243 213.161 4 620.938 408.6 
2 38 46 61 474.221 446.885 3 222.667 465.643 
2 130 153 168 474.591 452.182 2 434.584 481.18 
2 135 157 171 477.278 456.474 2 439.734 487.076 
2 139 156 163 477.444 456.665 2 439.734 487.076 
2 122 177 202 477.668 211.954 2 479.634 220.165 
2 0 0 0 478.369 590.964 5 71.2921 593.819 
2 115 155 180 478.683 178.718 4 415.037 169.869 
3 0 0 0 479.319 592.019 2 478.446 590.938 5 578.2 589.869 
2 10 15 23 480.051 436.329 2 396.741 459.944 
2 16 18 31 480.154 454.32 2 443.323 484.149 
2 102 145 180 482.083 184.483 4 196.874 358.637 
3 169 203 222 482.975 232.426 3 444.01 283.935 5 447.12 255.355 
3 161 193 210 483.379 264.024 3 466.791 241.831 5 405.857 207.344 
3 77 90 103 483.471 585.807 2 588.141 585.081 4 172.412 585.84 
2 132 174 201 483.515 210.978 2 485.859 218.564 
2 128 152 168 483.962 450.844 2 448.178 479.859 
2 128 152 168 483.962 450.844 2 448.178 479.859 
2 159 193 207 488.928 146.016 2 492.123 152.515 
2 100 118 133 490.043 492.743 4 73.5073 538.534 
2 48 58 71 492.991 443.166 2 475.174 470.391 
2 102 116 122 493.439 524.8 3 738.315 357.974 
2 163 192 208 495.359 248.79 2 502.129 268.393 
3 37 46 63 496.096 445.945 2 489.1 473.468 4 367.403 464.988 
3 30 35 41 498.937 439.977 2 492.599 466.102 3 383.582 475.492 
2 72 89 102 499.141 554.796 5 481.274 554.759 
2 44 50 31 500.708 402.63 4 405.619 414.098 
2 98 115 125 501.298 527.321 3 345.66 536.859 
3 119 142 166 502.337 108.834 2 503.805 112.532 4 409.624 104.322 
3 141 166 182 503.185 466.433 2 455.917 498.58 3 582.49 212.368 
3 36 44 59 504.027 445.88 2 489.1 473.468 4 367.403 464.988 
4 176 199 206 504.276 127.05 2 506.845 130.306 4 441.062 114.411 5 409.511 71.4031 
3 212 228 241 504.615 106.283 2 474.633 120.061 4 442.714 91.3737 
2 165 191 210 505.509 254.06 3 582.49 212.368 
4 32 37 45 506.371 439.521 2 492.599 466.102 3 383.582 475.492 5 464.412 348.322 
3 103 137 163 507.067 107.749 2 508.482 111.152 4 445.114 93.0957 
2 50 58 69 511.209 441.996 2 498.659 469.065 
2 90 133 171 512.001 203.015 2 514.543 209.508 
3 153 190 202 512.304 142.073 2 514.131 146.419 4 449.726 129.4 
4 146 188 205 512.478 166.095 3 474.448 157.756 4 449.249 154.791 5 417.255 115.4 
2 148 181 197 512.96 121.693 5 419.283 67.5255 
5 143 179 197 512.987 133.34 2 515.194 136.969 3 474.849 123.098 4 450.457 119.865 5 419.091 77.5848 
3 129 165 185 513.515 108.386 2 515.047 112.508 3 476.188 94.6568 
3 184 199 216 513.548 103.53 3 475.881 89.8523 4 451.826 87.9093 
4 60 91 139 516.087 105.967 2 517.931 108.886 3 478.843 92.5484 4 454.822 90.6704 
5 50 104 145 518.544 109.71 2 517.931 108.886 3 478.843 92.5484 4 456.973 95.0819 5 424.905 44.5771 
3 75 157 194 518.808 167.807 2 522.08 172.507 3 485.209 332.698 
5 52 106 149 518.827 110.676 2 517.931 108.886 3 478.843 92.5484 4 456.973 95.0819 5 424.905 44.5771 
2 77 149 199 519.146 187.082 2 520.919 146.04 
4 52 110 157 519.356 138.27 2 522.02 141.685 3 482.258 126.976 4 457.268 124.825 
5 84 152 200 519.422 200.381 2 525.378 269.391 3 482.93 194.919 4 456.427 256.813 5 422.916 228.706 
3 143 194 217 520 240.464 3 483.331 239.122 5 422.916 228.706 
2 26 39 23 520.068 432.365 2 512.48 457.891 
2 158 194 217 520.078 245.852 2 527.047 319.642 
2 147 192 219 520.462 265.704 2 525.349 275.427 
2 58 88 120 520.541 139.141 2 523.524 142.737 
4 147 189 212 520.565 260.342 2 525.378 269.391 3 484.897 262.496 5 422.916 228.706 
2 109 171 206 521.574 302.236 2 527.119 314.086 
2 74 89 104 522.095 468.693 2 476.13 502.76 
2 54 74 100 522.747 243.911 2 530.039 317.487 
4 88 152 192 522.942 138.68 2 525.951 142.258 3 490.055 264.101 4 461.979 259.423 
2 47 73 101 523.158 263.415 3 487.326 265.3 
3 47 73 101 523.158 263.415 2 530.039 317.487 3 487.326 265.3 
2 38 54 76 524.024 305.086 2 530.039 317.487 
4 38 54 76 524.024 305.086 2 530.039 317.487 3 488.154 312.968 4 459.305 306.22 
3 115 178 211 525.032 209.677 2 532.12 277.69 5 447.201 242.427 
3 70 142 190 525.212 121.306 2 520.303 112.995 4 457.516 95.2051 
2 62 132 187 525.505 174.662 3 490.69 166.774 
2 165 203 227 525.927 242.621 5 446.523 287.094 
2 154 188 217 526.017 262.291 2 531.407 271.244 
2 126 148 165 526.45 455.438 3 346.377 499.84 
4 150 193 223 526.686 276.966 3 444.01 283.935 4 450.545 227.952 5 447.12 255.355 
2 100 171 205 526.804 169.466 2 531.277 173.71 
3 116 176 209 526.902 303.474 2 533.127 315.683 5 446.523 287.094 
3 130 183 215 526.993 308.218 2 533.302 321.099 4 462.472 309.668 
2 132 183 215 527.291 308.752 5 446.509 291.666 
2 134 183 214 527.612 317.455 5 121.648 443.822 
2 76 154 200 528.317 197.151 2 533.594 202.587 
3 162 199 225 528.991 240.622 2 534.712 247.561 5 71.3029 538.536 
2 44 48 58 529.463 523.606 2 40.0913 434.59 
3 44 48 58 529.463 523.606 2 40.0913 434.59 5 123.865 457.612 
2 153 194 224 529.91 273.069 2 536.71 284.644 
3 48 73 109 530.96 116.104 2 535.408 119.04 4 487.482 109.655 
2 26 38 23 531.84 432.06 2 493.681 458.521 
2 165 192 218 531.993 250.019 2 538.84 258.525 
2 74 93 105 532.099 469.343 2 488.255 503.793 
3 153 189 216 532.451 264.392 2 539.475 273.871 5 508.832 289.58 
2 116 176 212 533.369 305.144 2 541.385 317.79 
2 129 182 214 533.418 309.843 2 541.383 322.672 
4 79 113 157 534.979 118.161 2 539.546 120.96 4 478.172 103.798 5 452.138 60.5043 
3 48 58 68 535.531 441.475 2 475.174 470.391 3 266.493 467.556 
2 40 70 90 535.699 140.299 2 540.644 145.685 
2 36 58 75 536.223 149.14 2 541.232 152.769 
3 72 144 194 536.44 134.738 2 541.622 139.397 4 480.434 124.236 
4 69 120 136 536.649 170.329 3 514.796 238.555 4 485.906 234.503 5 459.005 207.165 
2 37 60 76 537.232 211.609 2 543.651 217.873 
3 95 105 111 537.587 477.569 3 328.496 533.97 4 324.2 507.702 
2 39 68 87 538.144 210.315 2 545.168 216.604 
3 30 44 61 538.26 183.771 2 544.804 189.367 4 483.165 175.084 
2 27 48 66 538.546 269.053 2 543.651 217.873 
2 27 48 66 538.546 269.053 2 546.037 278.643 
2 62 114 132 538.901 158.957 4 484.499 148.05 
3 65 117 133 539.132 169.487 2 545.791 175.255 4 259.965 204.876 
5 57 105 122 539.143 178.532 2 545.715 183.003 3 511.435 171.693 4 484.279 169.498 5 459.099 134.181 
2 64 115 132 539.233 163.6 4 259.965 204.876 
2 38 46 59 539.511 442.03 3 119.392 567.629 
2 39 66 85 539.56 253.794 2 547.86 263.661 
2 37 64 83 539.641 266.352 2 547.886 275.698 
2 58 109 124 539.772 217.069 2 547.359 224.03 
2 28 40 56 540.498 288.533 2 549.279 300.263 
5 53 107 125 541.008 248.563 2 549.355 256.87 3 513.868 249.387 4 484.831 245.506 5 457.9 218.161 
3 43 72 109 541.442 123.114 4 487.482 109.655 5 463.335 67.3969 
2 51 101 114 541.568 273.606 3 514.902 277.139 
2 52 103 122 541.891 281.473 2 550.976 291.995 
3 29 47 66 542.493 196.344 2 550.3 202.08 4 487.446 188.507 
5 23 41 57 543.428 251.975 2 552.337 260.704 3 516.816 252.98 4 487.385 248.933 5 460.337 221.614 
5 23 41 57 543.428 251.975 2 552.337 260.704 3 516.816 252.98 4 487.385 248.933 5 460.337 221.614 
3 28 45 63 543.797 270.845 2 552.848 280.688 5 460.144 244.566 
2 72 146 190 544.001 132.91 2 550.549 136.63 
2 67 101 124 544.527 193.776 2 552.237 199.303 
2 39 66 86 545.118 280.372 5 462.177 133.289 
2 81 88 92 545.128 476.828 3 342.186 532.896 
3 28 43 60 545.521 310.579 2 555.961 323.486 4 488.26 312.933 
5 31 52 72 545.86 154.978 2 553.072 158.987 3 521.078 193.422 4 492.994 191.011 5 467.942 157.597 
3 43 72 110 546.355 126.673 2 553.162 129.805 5 470.62 72.3574 
2 66 65 43 546.45 377.386 2 543.837 397.514 
3 56 95 118 546.505 250.568 2 555.669 258.994 4 490.793 247.333 
4 43 58 73 546.568 440.474 2 543.719 467.137 3 348.036 480.684 4 330.523 462.225 
2 38 62 84 546.817 184.915 2 554.652 189.94 
4 29 45 64 547.215 198.637 2 555.47 204.315 3 521.078 193.422 4 492.994 191.011 
2 32 52 72 547.677 216.554 5 467.942 157.597 
3 23 38 56 548.845 254.017 2 558.377 262.772 5 466.493 294.34 
2 23 38 56 548.845 254.017 3 523.336 255.247 
2 26 41 60 549.31 272.631 2 559.322 282.673 
2 52 77 95 550.105 369.444 3 524.999 389.516 
2 58 86 112 550.291 214.709 2 562.384 280.474 
2 58 86 112 550.291 214.709 2 562.384 280.474 
3 23 39 55 550.555 311.813 4 494.096 314.377 5 466.493 294.34 
2 88 105 117 550.68 563.756 3 374.026 410.856 
4 22 35 49 551.144 331.043 2 562.439 345.397 3 526.535 343.515 4 494.41 335.407 
3 22 35 49 551.144 331.043 2 562.439 345.397 4 494.41 335.407 
3 60 88 111 551.464 252.64 2 561.346 261.254 4 496.944 249.816 
3 50 63 79 551.537 162.603 2 559.607 167.188 3 526.057 153.07 
2 58 82 104 551.656 257.077 2 562.624 285.23 
2 51 61 80 551.867 155.219 2 559.726 158.405 
4 51 61 80 551.867 155.219 2 559.726 158.405 3 526.388 145.766 4 499.19 144.429 
2 60 85 111 552.023 270.725 2 562.384 280.474 
2 60 85 111 552.023 270.725 2 562.384 280.474 
2 59 85 108 552.133 275.038 2 562.624 285.23 
3 16 25 38 552.384 371.962 2 564.987 390.392 3 528.591 392.276 
2 16 25 38 552.384 371.962 4 495.061 381.156 
2 48 59 77 552.658 207.602 2 561.617 213.495 
3 46 57 75 553.128 187.606 3 528.043 180.454 4 499.999 178.785 
4 45 56 74 553.177 178.455 3 528.27 170.34 4 500.289 168.957 5 476.934 132.197 
2 49 58 76 553.331 216.182 2 562.455 222.525 
2 47 56 73 553.355 236.677 4 499 232.276 
2 49 60 78 553.714 230.139 2 562.984 236.908 
4 49 56 76 554.137 201.467 2 563.161 207.094 4 501.043 193.632 5 477.076 160.344 
4 46 58 74 554.746 239.881 2 564.643 247.788 4 500.556 235.791 5 475.324 207.337 
3 43 52 67 555.066 267.595 2 565.716 276.972 3 530.951 270.378 
4 41 51 66 555.59 288.028 2 561.678 192.549 3 528.043 180.454 4 500.426 287.617 
3 41 50 64 555.633 307.372 4 502.268 375.621 5 474.485 362.499 
4 45 54 70 555.669 276.16 2 566.418 286.163 3 531.581 279.308 4 500.91 274.831 
2 42 51 67 555.864 283.134 2 567.343 293.516 
2 43 58 75 555.96 389.944 2 569.426 410.392 
4 39 48 63 556.599 295.221 2 568.096 306.677 3 533.357 301.753 4 501.982 295.905 
2 34 42 53 556.681 345.806 2 559.459 176.979 
4 39 48 63 556.883 295.308 2 568.096 306.677 3 533.357 301.753 4 501.982 295.905 
2 39 48 63 556.883 295.308 2 563.161 207.094 
3 37 44 56 557.095 335.797 2 570.088 355.604 3 534.629 354.624 
2 34 42 53 557.646 340.356 2 570.088 355.604 
3 32 38 50 558.256 359.217 2 571.277 376.352 4 502.095 366.667 
4 43 49 59 558.828 473.922 2 521.417 509.502 3 366.181 529.395 4 356.032 503.892 
3 33 39 51 558.856 367.593 4 502.268 375.621 5 474.911 362.351 
3 65 81 100 563.106 171.915 2 571.931 175.166 3 540.983 228.848 
2 75 88 110 563.882 149.274 2 571.756 151.705 
4 71 87 109 564.333 156.215 2 572.245 159.46 3 538.654 144.537 4 511.007 144.153 
3 70 86 107 564.367 162.603 2 572.525 166.103 3 538.799 152.084 
2 67 85 106 564.945 175.004 5 488.1 126.879 
3 67 85 105 565.209 188.191 2 574.116 192.503 3 539.879 180.01 
2 101 117 130 565.353 533.581 4 550.424 216.033 
3 67 85 106 565.407 182.975 2 574.073 186.924 4 511.52 191.75 
3 146 170 182 565.431 456.036 3 382.484 502.316 4 369.708 480.619 
4 70 90 111 565.766 205.875 2 574.836 210.942 3 540.424 199.519 4 511.443 197.83 
3 62 79 100 565.848 221.674 3 540.983 228.848 5 769.113 458.443 
2 68 85 106 565.896 213.358 4 511.111 206.271 
3 74 90 112 565.957 194.918 2 574.904 199.42 3 540.599 187.498 
3 59 77 98 566.295 221.362 2 574.073 186.924 4 511.918 214.64 
5 64 83 104 567.496 236.304 2 577.622 243.119 3 542.9 233.615 4 512.639 230.853 5 488.285 201.039 
3 68 87 106 567.706 245.798 3 543.201 244.627 4 512.574 241.595 
2 69 85 107 567.943 242.81 3 543.481 241.055 
2 102 135 164 567.988 171.542 2 576.529 174.781 
4 54 69 88 568.275 265.547 2 579.088 274.33 4 512.789 262.944 5 487.647 236.699 
3 54 66 82 568.691 310.893 2 580.603 323.551 4 512.632 313.506 
2 54 67 84 569.021 298.727 5 494.213 293.013 
5 64 79 100 569.026 276.204 2 580.07 285.946 3 544.791 279.291 4 513.271 274.83 5 487.928 250.018 
4 54 68 89 569.034 269.341 2 579.731 278.618 3 544.953 271.234 5 488.462 241.53 
4 107 137 165 569.164 214.007 2 578.952 219.512 4 514.691 206.705 5 491.144 174.307 
4 56 71 90 569.336 291.332 3 545.806 296.583 4 513.487 291.462 5 488.054 268.62 
2 107 137 167 569.338 204.062 2 580.656 239.826 
2 54 67 84 569.38 299.282 2 581.014 310.531 
3 104 135 163 569.514 222.15 4 514.92 215.603 5 491.154 184.175 
3 60 77 94 569.517 296.188 4 513.794 296.192 5 488.03 273.978 
3 55 64 79 569.99 327.283 2 580.603 323.551 3 546.985 338.195 
2 108 137 164 570.054 229.999 2 580.656 239.826 
5 57 68 85 570.101 308.611 2 582.306 320.831 3 547.031 316.502 4 514.1 310.351 5 488.369 289.154 
5 51 61 78 570.471 320.486 2 582.883 333.618 3 547.397 330.336 4 514.191 323.4 5 487.885 304.232 
5 100 127 158 570.63 154.749 2 579.556 159.014 3 546.626 145.337 4 518.593 145.251 5 497.007 107.703 
2 54 63 75 570.899 328.676 2 583.818 342.885 
4 43 52 62 570.995 359.366 2 584.849 376.215 3 548.761 376.196 5 487.122 352.198 
2 107 133 157 571.078 264.096 2 582.215 272.773 
2 91 112 123 571.25 475.841 5 202.221 302.852 
4 43 52 62 571.421 359.459 3 548.761 376.196 4 514.788 366.785 5 487.122 352.198 
3 103 128 152 571.805 257.922 2 586.016 309.94 4 517.121 254.484 
2 78 96 107 571.873 529.567 4 88.9899 549.998 
2 107 134 155 572.089 284.853 3 542.634 161.413 
3 48 55 67 572.358 368.635 2 586.093 386.192 3 550.135 387.673 
3 37 44 54 572.616 386.585 2 586.804 406.153 3 550.615 409.134 
2 97 118 134 573.032 303.572 5 491.781 284.056 
5 96 108 116 574.334 339.386 2 587.509 354.207 3 552.012 352.63 4 517.861 344.467 5 491.644 327.536 
2 98 127 158 574.482 142.116 4 574.343 162.992 
5 102 124 142 574.596 311.159 2 587.505 323.531 3 552.84 319.816 4 519.38 313.497 5 494.213 293.013 
5 109 116 113 575.072 372.014 2 589.386 390.231 3 553.702 391.893 4 518.386 380.783 5 491.426 368.012 
2 85 95 104 575.572 357.579 4 520.054 363.673 
3 98 123 150 575.584 161.43 3 554.067 150.845 4 525.451 150.353 
4 105 137 166 575.859 208.308 3 560.3 312.795 4 525.353 258.604 5 456.229 124.665 
2 85 95 105 576.386 357.363 4 520.054 363.673 
3 90 106 117 576.623 553.156 2 249.261 541.734 5 208.751 485.084 
4 104 134 162 576.794 217.977 2 593.555 316.89 3 560.3 312.795 4 525.353 258.604 
2 81 100 125 577.41 144.756 2 587.205 147.709 
2 109 141 169 577.52 231.993 2 593.473 299.108 
4 67 76 86 577.748 370.724 2 592.526 388.315 3 557.384 389.842 4 521.806 379.219 
3 77 94 118 577.962 150.498 2 637.491 228.6 4 528.318 139.025 
2 11 15 22 578.087 456.383 2 546.683 487.823 
3 84 155 197 578.343 167.704 3 557.578 157.525 4 528.857 156.975 
4 109 138 163 578.375 242.986 3 560.986 293.227 4 527.988 288.291 5 505.034 265.474 
2 104 134 161 578.415 247.438 4 527.832 305.661 
4 96 121 144 578.945 271.573 2 592.175 280.996 4 527.832 305.661 5 456.229 124.665 
5 101 124 147 579.14 288.426 2 590.714 268.664 3 560.3 312.795 4 525.353 258.604 5 456.229 124.665 
4 104 129 152 579.495 288.52 2 590.714 268.664 4 525.353 258.604 5 456.229 124.665 
2 186 204 208 580.109 175.237 2 592.151 178.907 
3 65 76 85 581.13 380.476 3 563.425 402.377 4 527.058 390.79 
3 55 29 39 581.827 383.312 2 597.694 402.609 3 563.611 405.562 
2 191 212 220 582.392 242.826 5 187.975 253.386 
2 48 58 60 582.491 465.745 2 550.254 499.597 
3 91 97 103 582.897 349.817 3 563.807 336.353 5 519.513 362.233 
3 155 198 222 584.003 302.633 2 598.018 314.454 5 509.884 281.373 
2 140 194 219 584.089 308.649 2 598.038 319.523 
5 78 96 120 585.125 149.777 2 597.02 154.338 3 567.177 141.436 4 538.622 141.371 5 520.382 103.534 
3 196 209 223 585.562 253.115 4 534.97 242.248 5 201.458 312.339 
2 12 15 23 586.371 459.183 2 553.809 491.474 
3 132 163 187 587.404 382.469 4 534.726 392.983 5 510.448 382.173 
2 57 69 79 588.442 558.008 5 532.942 304.447 
2 138 194 219 589.065 323.181 2 604.85 331.711 
4 82 156 200 589.452 174.125 2 602.164 177.662 3 573.575 165.745 4 543.422 164.978 
2 96 168 206 590.485 197.301 2 603.861 201.835 
2 23 30 36 591.085 453.027 2 559.24 483.997 
4 101 167 205 591.667 221.187 2 605.815 227.094 3 576.914 217.046 4 544.961 215.359 
3 100 116 126 592.556 542.781 3 651.073 572.141 4 210.953 515.961 
2 98 116 125 593.052 541.915 4 210.953 515.961 
2 104 134 166 593.081 157.772 3 577.639 146.969 
3 191 211 224 593.498 255.732 2 608.797 264.05 5 33.767 531.573 
3 104 134 163 593.703 170.313 2 606.937 173.298 3 578.999 160.342 
3 159 198 216 594.436 275.903 3 581.497 278.778 5 528.393 251.15 
2 57 66 77 595.238 386.802 5 523.506 387.797 
5 142 189 216 595.858 306.321 2 612.987 318.361 3 583.826 314.184 4 548.527 308.302 5 529.092 288.423 
4 123 186 213 596.037 311.65 2 613.354 323.896 4 548.68 314.563 5 529.237 295.67 
5 58 68 79 596.257 391.638 2 615.496 411.836 3 584.602 415.719 4 546.872 403.493 5 524.847 394.18 
3 38 43 49 597.15 398.475 3 586.325 424.367 4 548.178 410.855 
3 92 108 120 598.268 549.725 3 257.428 536.933 4 262.44 509.96 
2 20 27 33 598.727 453.385 2 568.19 484.646 
2 74 71 78 599.102 334.076 4 551.503 328.415 
2 11 17 23 600.13 460.189 2 568.663 493.112 
2 56 57 26 600.443 412.649 2 619.495 435.149 
2 56 57 26 600.443 412.649 4 547.589 427.332 
2 58 70 81 603.079 553.248 2 236.288 545.567 
2 21 24 34 604.762 453.239 2 574.751 484.455 
4 86 99 108 608.759 373.612 2 630.184 392.149 3 603.273 394.312 4 564.14 383.615 
2 27 36 42 609.841 467.639 2 581.048 502.792 
4 37 42 50 610.436 395.933 2 633.006 416.608 3 607.358 420.886 5 549.249 400.111 
3 107 133 160 612.664 180.558 4 573.853 173.107 5 561.731 140.546 
4 59 71 81 613.39 393.429 2 636.716 414.039 3 610.754 418.146 4 570.376 405.914 
3 102 133 164 615.1 206.15 2 633.715 211.111 4 577.362 200.236 
2 103 144 179 615.661 200.792 4 279.969 217.604 
4 115 143 169 615.77 232.208 2 634.51 238.827 3 610.763 230.499 4 576.351 228.544 
4 14 23 26 616.406 396.197 2 640.475 417.233 3 615.239 422.022 5 557.215 401.209 
4 72 85 94 616.803 551.383 2 502.106 485.089 4 352.773 478.098 5 520.769 582.781 
5 59 70 81 617.234 392.917 2 641.113 413.352 3 615.902 417.356 4 575.302 405.129 5 558.312 396.642 
5 150 199 222 618.396 198.7 2 637.153 202.963 3 637.83 203.454 4 602.393 202.446 5 594.234 175.259 
4 82 103 128 618.477 216.899 2 637.612 222.582 3 614.857 213.338 4 580.741 212.17 
4 89 169 210 618.56 194.403 2 656.85 209.122 3 658.682 210.197 4 621.408 209.665 
3 108 129 144 618.61 323.671 2 640.749 337.487 4 578.392 328.078 
3 83 101 125 618.934 169.364 2 636.855 173.291 4 581.884 161.767 
2 89 169 210 619.275 194.476 2 638.569 199.032 
2 114 186 216 619.549 212.932 2 639.306 218.897 
3 84 107 132 620.921 220.894 2 640.61 227.668 4 583.95 217.908 
3 84 107 132 620.921 220.894 2 640.61 227.668 4 583.95 217.908 
3 112 136 153 621.027 312.315 2 644.284 325.398 4 597.902 376.123 
2 98 114 127 621.741 330.581 2 644.993 344.728 
5 100 117 129 621.939 336.82 2 645.268 351.475 3 622.054 350.344 4 582.914 342.719 5 568.871 327.677 
3 88 111 135 622.235 233.391 3 620.327 230.219 4 585.166 228.78 
4 61 71 81 622.768 393.115 2 647.653 413.366 3 624.05 417.089 4 582.854 404.884 
4 61 71 81 622.79 392.914 2 647.653 413.366 3 624.05 417.089 4 582.854 404.884 
4 111 139 164 623.054 241.132 2 643.874 248.211 3 622.201 240.637 4 586.539 238.619 
2 116 143 164 623.889 282.865 2 646.364 293.331 
4 180 213 228 624.151 293.7 2 646.744 305.356 3 625.052 301.779 5 574.934 277.065 
2 31 30 28 624.233 453.533 2 598.311 484.078 
4 80 97 111 624.338 318.335 2 647.336 331.209 3 625.133 329.119 4 586.526 322.922 
3 90 111 134 624.569 226.205 3 383.582 475.492 4 363.312 457.722 
3 168 221 243 625.252 314.251 2 648.582 326.701 5 575.759 299.712 
3 107 134 165 625.563 176.963 2 662.482 188.79 4 590.166 169.366 
4 107 133 160 626.017 190.512 2 645.723 194.585 3 624.893 183.72 4 590.92 183.521 
3 104 128 148 626.304 287.586 2 648.695 297.643 4 589.602 288.601 
2 104 128 148 626.304 287.586 3 650.849 300.274 
2 103 117 126 626.51 343.144 2 651.074 358.841 
4 111 141 168 627.386 210.116 2 647.905 215.202 4 612.513 215.927 5 582.741 176.89 
4 114 145 173 627.796 216.578 2 648.609 222.082 3 627.953 212.957 4 592.929 212.004 
4 48 68 86 627.916 292.16 2 650.958 302.819 3 652.888 305.327 4 612.872 300.545 
4 114 142 167 629.759 238.568 3 631.011 237.107 4 594.922 235.117 5 584.697 210.122 
4 114 142 167 629.759 238.568 3 631.011 237.107 4 594.922 235.117 5 584.697 210.122 
4 93 106 112 630.976 350.197 2 657.218 366.124 3 635.784 367.01 4 594.193 359.101 
3 186 219 231 631.015 266.725 2 653.881 275.137 4 616.445 273.38 
3 90 103 111 631.151 363.562 3 639.263 386.958 4 597.902 376.123 
2 95 120 145 631.698 207.564 2 652.982 212.584 
3 112 135 151 631.736 293.2 2 655.06 303.534 5 609.025 283.322 
5 89 107 127 631.801 276.334 2 655.319 285.942 3 635.38 280.972 4 597.452 276.838 5 587.329 256.383 
3 86 110 134 632.148 214.63 3 633.859 211.47 4 598.525 210.684 
4 60 68 80 632.176 392.974 2 659.858 413.442 3 638.946 417.751 4 595.755 405.505 
3 85 99 106 632.437 377.009 3 638.155 398.307 4 596.028 387.74 
2 71 82 91 632.9 384.681 2 660.151 403.859 
3 112 134 151 633.714 312.814 2 658.577 325.651 4 598.694 316.937 
3 112 134 151 633.714 312.814 3 660.58 324.911 4 605.743 263.633 
4 101 120 135 634.586 327.698 2 660.207 341.375 3 640.09 340.028 4 599.837 333.077 
3 105 181 216 634.91 204.154 3 658.682 210.197 4 621.408 209.665 
4 128 191 219 635.033 208.249 2 656.972 213.351 4 602.393 202.446 5 594.234 175.259 
3 102 116 128 635.608 338.849 2 661.885 353.97 3 641.846 352.59 
2 102 116 128 635.608 338.849 2 661.885 353.97 
4 61 68 77 635.932 373.138 2 683.193 393.998 3 625.133 329.119 4 586.526 322.922 
2 72 82 84 636.022 465.235 2 614.45 499.493 
2 117 187 220 636.022 222.403 2 658.77 228.257 
3 56 61 66 636.055 380.47 2 663.718 400.111 4 600.685 391.906 
3 184 218 223 636.253 368.128 3 650.723 329.02 4 609.998 323.041 
4 184 218 223 636.253 368.128 2 687.516 337.09 4 609.998 323.041 5 600.817 306.565 
2 116 146 170 637.094 248.005 2 660.072 255.089 
5 85 106 129 637.316 230.075 2 660.575 236.527 3 641.813 228.954 4 605.103 227.461 5 597.131 201.57 
3 119 147 169 637.832 254.112 2 661.676 261.957 4 605.134 252.627 
5 114 140 163 638.368 264.534 2 662.255 273.037 3 660.58 324.911 4 605.743 263.633 5 596.424 240.986 
2 62 67 75 638.491 376.128 4 603.495 387.339 
3 117 142 166 638.945 271.929 4 606.36 271.64 5 597.389 250.476 
5 85 105 125 639.76 244.088 2 663.58 250.996 3 645.114 243.344 4 607.895 241.579 5 599.744 217.528 
4 87 108 131 639.985 228.966 2 663.839 234.811 3 645.628 226.953 4 608.802 225.75 
2 68 83 94 640.141 543.061 5 647.41 549.659 
2 115 143 165 640.423 289.567 2 665.919 299.801 
4 115 143 165 640.423 289.567 2 665.919 299.801 4 608.255 291.006 5 599.412 271.946 
3 109 139 169 640.848 186.45 2 662.482 188.79 4 608.796 177.156 
2 172 211 225 640.896 298.992 2 666.833 310.443 
2 9 12 19 640.962 463.529 2 621.482 497.389 
3 254 246 207 641.079 413.054 2 372.586 392.466 4 288.458 381.429 
2 62 67 76 641.441 374.647 5 583.288 307.622 
2 151 208 228 642.118 319.438 4 616.445 273.38 
2 82 101 127 642.156 251.142 3 649.38 252.045 
4 113 143 170 642.436 211.779 2 665.995 217.066 4 612.146 207.628 5 605.372 180.702 
3 116 143 170 642.775 219.021 2 666.612 225.009 4 612.513 215.927 
4 101 114 123 642.82 346.476 2 670.7 362.083 3 674.409 366.302 4 629.939 357.619 
2 111 119 126 643.014 351.436 2 671.253 367.433 
4 50 70 89 643.839 298.037 2 670.417 308.978 3 652.888 305.327 4 612.872 300.545 
2 80 93 105 644.681 325.281 3 654.545 337.206 
2 80 93 105 644.681 325.281 3 675.904 342.288 
2 78 89 95 644.772 384.457 3 655.999 407.296 
3 117 145 167 645.057 247.153 2 670.175 254.651 3 652.716 247.38 
2 79 88 97 645.619 333.785 2 673.584 347.875 
3 8 9 13 645.761 470.333 2 627.196 506.2 4 596.272 485.1 
3 94 117 141 645.987 198.256 4 622.656 194.795 5 632.976 161 
3 164 198 212 646.545 273.073 2 672.718 281.994 4 616.445 273.38 
2 67 82 92 646.961 541.531 5 635.852 553.335 
3 92 111 131 647.375 280.802 2 674.237 291.436 4 617.907 283.21 
4 91 119 146 647.579 228.585 2 672.488 234.583 3 655.939 226.714 4 618.436 225.611 
2 114 138 156 647.595 298.623 2 660.072 255.089 
3 57 71 93 648 252.764 2 673.764 260.562 4 599.061 243.625 
4 118 141 159 648.41 304.559 2 681.089 282.687 3 659.225 313.332 5 610.744 290.626 
2 118 141 159 648.41 304.559 4 605.134 252.627 
2 90 107 127 649.016 278.503 2 675.937 288.262 
2 110 180 213 649.609 212.954 2 674.571 218.574 
4 110 130 143 650.464 330.536 2 679.539 344.582 4 620.669 336.456 5 613.048 322.1 
2 106 123 133 650.974 338.935 2 680.532 353.845 
4 120 148 168 651.604 254.566 2 660.072 255.089 3 661.853 255.992 5 616.628 231.369 
4 87 106 129 651.725 244.712 2 680.727 252.921 3 667.519 247.426 4 627.984 245.701 
3 58 64 70 652.207 375.657 2 683.193 393.998 4 586.526 322.922 
3 188 220 222 652.236 370.842 3 650.723 329.02 4 609.998 323.041 
3 78 117 148 652.573 442.311 2 688.013 269.492 4 633.575 261.647 
2 119 145 168 652.574 260.893 2 679.521 269.116 
2 116 141 164 653.27 267.047 3 665.109 270.534 
2 15 18 23 654.36 444.608 2 311.306 416.462 
2 89 106 129 654.585 250.988 2 681.519 257.888 
2 119 149 177 654.878 200.788 2 680.062 205.264 
4 119 145 173 655.079 213.825 2 680.915 219.388 3 665.462 210.716 4 627.924 210.561 
3 119 142 160 655.157 293.286 2 683.902 304.042 3 668.68 299.948 
5 119 142 160 655.157 293.286 2 683.902 304.042 3 668.68 299.948 4 627.479 295.661 5 621.526 277.384 
4 193 227 255 655.162 78.6625 2 693.091 93.3153 3 708.257 97.6593 4 690.565 89.152 
2 193 227 255 655.162 78.6625 2 693.091 93.3153 
2 117 142 157 655.438 291.448 4 528.987 322.371 
2 170 213 225 655.868 303.791 2 685.126 315.985 
3 121 149 176 656.348 226.779 2 682.655 233.016 3 667.901 225.46 
2 163 217 232 657.228 323.867 2 687.516 337.09 
4 163 217 232 657.228 323.867 2 687.516 337.09 4 609.998 323.041 5 623.147 312.121 
3 71 85 94 658.597 538.064 3 758.094 552.316 4 682.053 517.275 
2 97 111 116 658.95 369.723 5 632.774 307.221 
5 125 152 173 659.182 254.604 2 687.001 261.9 3 672.488 255.849 4 632.59 253.408 5 628.169 231.175 
5 162 196 214 659.555 260.697 2 688.013 269.492 3 673.916 264.306 4 633.575 261.647 5 629.053 240.846 
4 117 137 167 659.901 193.105 2 572.638 129.604 4 634.271 189.331 5 632.976 161 
4 126 150 166 662.616 304.302 2 693.154 316.163 3 679.679 313.736 4 636.784 308.131 
4 124 146 161 662.931 322.494 2 682.655 233.016 3 667.901 225.46 5 596.424 240.986 
3 124 147 163 663.343 317.957 2 694.498 330.687 3 680.798 328.628 
2 26 33 48 663.576 435.297 2 656.339 462.095 
5 114 137 151 664.389 329.856 2 684.698 247.423 3 670.28 240.524 4 631.182 239.011 5 626.825 215.829 
2 112 135 149 664.408 314.214 3 559.771 266.902 
2 148 184 199 665.987 432.872 2 660.432 459.439 
2 69 82 92 666.248 534.836 4 719.246 509.942 
2 188 222 220 666.882 373.732 2 648.582 326.701 
2 121 141 155 669.017 327.428 4 511.365 178.65 
2 27 33 47 669.13 432.611 2 663.89 458.426 
5 9 9 14 669.275 466.484 2 664.439 500.68 3 552.155 518.354 4 517.131 493.906 5 426.932 506.851 
2 18 24 30 669.819 458.998 2 664.625 491.377 
3 115 133 148 669.884 332.559 3 543.201 244.627 4 512.574 241.595 
2 13 18 21 670.031 442 2 668.099 469.848 
2 0 0 0 672.124 589.976 5 672.123 589.975 
2 254 255 253 673.019 332.779 4 146.696 586.972 
2 72 81 88 673.662 459.795 2 669.976 491.945 
2 72 81 88 673.662 459.795 2 669.976 491.945 
3 255 255 255 674.528 337.438 4 677.42 336.147 5 684.142 328.484 
4 85 95 94 674.615 389.992 3 294.204 234.92 4 556.713 484.688 5 214.978 191.084 
2 85 95 94 674.615 389.992 2 506.079 461.097 
2 71 80 80 675.192 397.119 4 633.575 261.647 
2 13 16 23 677.272 457.056 2 675.186 489.054 
2 11 12 18 678.681 462.562 2 676.888 495.08 
2 145 151 160 682.646 442.865 2 685.941 471.557 
2 30 16 25 685.267 443.957 2 689.148 472.604 
2 71 84 93 686.386 528.744 4 558.237 544.582 
2 41 52 33 701.983 351.666 2 734.405 366.788 
2 238 248 249 703.57 349.225 2 735.799 363.483 
2 252 252 251 709.082 349.011 2 742.092 364.117 
2 62 75 83 712.025 531.468 3 292.317 576.246 
3 0 0 0 713.246 590.953 4 713.147 590.947 5 672.123 589.975 
2 100 112 139 714.669 435.599 2 727.827 462.748 
2 74 87 97 715.862 520.024 4 768.272 500.963 
2 48 60 75 719.053 570.434 3 288.461 554.605 
2 100 112 122 721.613 514.925 4 710.79 508.517 
4 101 95 60 722.692 345.657 2 780.17 363.218 4 745.761 357.926 5 756.434 352.057 
2 91 109 115 723.094 456.389 4 621.217 479.629 
2 91 109 115 723.094 456.389 4 621.217 479.629 
2 255 255 255 726.63 342.772 5 761.04 348.724 
3 97 86 57 728.084 346.42 4 751.68 358.788 5 762.826 352.994 
2 9 13 19 729.633 457.035 2 751.771 489.03 
2 101 117 124 731.289 513.174 3 553.33 135.372 
2 192 210 215 731.339 434.103 2 753.837 461.393 
2 18 20 27 731.746 442.66 2 754.255 471.51 
2 18 20 27 731.746 442.66 2 754.255 471.51 
2 32 44 58 734.545 450.992 2 758.577 481.376 
2 25 37 27 738.238 371.623 4 732.428 375.927 
3 89 86 71 738.615 348.104 4 763.127 360.775 5 775.208 355.049 
3 255 255 255 745.273 341.817 3 723.541 344.35 5 709.692 361.375 
2 86 78 53 745.991 347.264 5 685.029 331.343 
2 61 75 63 751.651 360.425 5 702.111 362.191 
2 255 255 254 753.554 342.456 3 753.25 375.353 
3 54 55 54 758.22 434.492 4 731.074 452.437 5 734.026 451.48 
3 55 58 59 765.297 433.325 4 741.245 451.09 5 745.964 450.14 
2 33 43 35 765.907 374.566 3 44.7215 278.246 
2 0 0 0 766.345 593.94 2 752.132 592.985 
4 44 51 53 768.313 438.287 2 559.459 176.979 3 526.128 164.67 5 750.751 456.699 
2 255 255 255 772.642 356.933 3 716.376 342.748 
2 66 70 70 774.014 432.534 4 754.016 450.339 
4 255 255 255 776.376 348.96 2 794.757 592.062 3 794.682 591.961 5 794.588 591.953 
3 0 0 0 778.113 594.943 2 778.089 594.977 3 778.071 594.981 
2 73 86 94 783.687 590.832 5 770.759 587.212 
2 98 111 120 783.786 495.106 5 781.064 516.04 
2 111 130 142 785.716 455.31 3 785.133 499.77 
3 99 126 143 787.55 443.103 2 786.563 473.773 5 786.737 462.498 
3 76 89 98 789.947 533.533 2 65.2005 590.114 5 65.2447 590.112 
2 66 79 88 791.7 562.867 2 106.117 587.697 
5 0 0 0 791.848 305.252 2 791.848 305.252 3 791.848 305.252 4 791.848 305.252 5 791.848 305.252 
3 0 0 0 792.043 476.773 3 793.969 528.084 5 794.982 543.984 
5 0 0 0 792.852 254.254 2 791.848 305.252 3 791.848 305.252 4 791.848 305.252 5 791.848 305.252 
4 0 0 0 792.966 507.02 2 793.925 528.15 3 793.969 528.084 5 793.941 528.164 
3 0 0 0 793.852 218.301 2 792.851 254.303 3 792.853 254.262 
2 0 0 0 793.945 528.181 3 793.969 528.084 
4 68 82 91 794.726 592.082 2 794.757 592.062 3 794.682 591.961 5 794.588 591.953 
5 68 82 91 794.726 592.082 2 794.757 592.062 3 794.682 591.961 4 793.994 591.54 5 794.588 591.953 
3 0 0 0 794.843 190.299 3 792.853 254.262 4 791.848 305.252 
