nFeatures: 3865
2 45 50 44 7.66317 241.827 5 10.1757 343.042 
2 32 36 37 9.15181 392.298 4 349.375 262.326 
2 40 56 50 13.6686 214.303 4 15.5156 376.868 
2 62 79 87 17.7484 468.444 4 462.794 358.215 
2 35 41 34 18.0999 439.725 4 517.121 254.484 
2 36 47 31 21.7073 450.9 3 285.947 547.628 
3 163 159 129 30.4513 563.367 4 532.485 288.475 5 492.018 111.005 
3 34 45 84 42.2678 420.591 3 763.901 490.218 5 693.343 472.773 
2 34 45 84 42.2678 420.591 5 693.343 472.773 
2 39 46 75 43.7245 416.732 4 598.525 210.684 
3 41 47 87 45.2097 406.967 3 763.901 490.218 4 598.525 210.684 
2 64 72 77 51.9937 461.346 4 274.607 184.416 
2 40 38 40 54.7058 517.352 3 540.983 228.848 
2 56 70 83 65.2005 590.114 5 65.2447 590.112 
2 46 53 58 66.505 464.355 4 696.648 452.712 
2 252 252 253 69.0292 193.4 3 55.4113 196.018 
2 254 255 254 70.8934 181.979 3 59.9323 185.58 
2 235 237 238 72.8194 192.039 3 60.1577 195.522 
2 179 165 156 74.2547 184.422 4 16.0588 162.643 
2 147 134 127 74.9396 185.205 4 17.4853 164.369 
2 35 56 55 77.4995 226.634 3 46.6997 334.638 
2 200 214 221 78.6807 212.912 4 20.9015 193.206 
2 92 97 81 83.0657 186.648 3 69.7635 190.069 
2 229 241 245 85.6195 190.123 3 75.2374 194.135 
3 66 85 85 85.8576 217.977 3 74.0936 221.954 4 30.7408 199.011 
2 37 57 55 86.5374 233.113 4 30.1095 214.219 
3 252 253 254 87.167 209.955 3 74.6565 214.022 4 31.509 190.91 
4 235 247 248 91.1267 191.03 3 79.511 194.447 4 36.3025 170.408 5 10.2986 150.262 
4 126 138 139 92.4389 187.811 3 80.5647 191.22 4 37.0963 167.092 5 10.9623 146.818 
3 89 91 77 92.702 198.481 3 82.5343 202.578 4 38.9738 179.01 
2 71 83 79 93.9915 219.489 4 42.2047 200.851 
2 51 76 69 95.2636 234.227 4 41.3507 217.046 
2 82 68 36 95.3906 359.796 3 17.7379 172.459 
2 98 119 128 96.4317 210.064 4 43.4867 191.131 
4 249 251 251 97.1272 190.559 3 85.1741 193.887 4 42.8895 170.28 5 17.6202 150.441 
3 238 242 244 98.9655 229.234 3 88.7858 232.837 4 47.1899 211.397 
2 238 242 244 98.9655 229.234 4 47.1899 211.397 
2 40 53 55 98.9761 286.506 4 44.6372 271.137 
2 40 53 55 98.9761 286.506 3 84.77 290.508 
4 254 255 254 99.8616 214.766 3 89.6207 218.468 4 47.8875 196.202 5 24.261 178.192 
2 174 175 179 100.824 299.582 3 190.795 303.04 
2 129 149 153 101 515.932 3 402.465 529.893 
3 77 100 91 101.025 221.159 3 90.6971 225.207 4 49.336 203.336 
3 217 227 237 103.521 231.526 3 93.7 235.819 4 52.6387 214.51 
3 212 226 234 104.956 218.105 3 94.8855 221.773 4 53.6853 199.975 
3 77 87 30 105.349 445.235 3 373.113 469.189 4 353.208 452.168 
2 255 255 254 105.696 204.746 4 53.4938 184.821 
3 109 124 114 106.014 208.715 3 94.943 211.973 4 53.898 189.862 
2 58 73 84 106.117 587.697 5 473.133 587.761 
2 68 88 87 107.576 220.401 4 56.786 202.413 
2 39 49 53 108.621 463.733 5 308.81 216.681 
2 243 246 249 108.966 217.154 4 57.4791 199.102 
2 108 113 102 109.019 227.617 4 57.4161 209.264 
3 238 245 248 110.977 216.75 3 101.32 220.554 5 38.9206 181.629 
2 55 71 70 113.438 240.004 4 60.3559 222.202 
2 254 255 255 114.602 235.555 4 63.0879 218.301 
2 74 86 82 115.107 209.733 3 104.777 212.928 
4 74 86 82 115.107 209.733 3 104.777 212.928 4 64.8209 191.391 5 42.4252 173.15 
4 255 255 255 115.359 220.594 3 105.73 224.154 4 65.3666 202.842 5 44.1334 185.37 
2 37 45 26 116.964 443.501 3 24.6909 449.686 
2 31 41 43 118.003 463.278 4 141.792 444.902 
3 39 47 27 121.651 445.326 3 24.6909 449.686 4 358.243 449.901 
2 44 61 59 121.912 247.971 4 70.9801 231.691 
2 45 59 61 122.448 261.369 4 72.1633 246.242 
2 45 59 61 122.448 261.369 4 72.1633 246.242 
2 255 255 255 122.662 228.53 4 73.6037 211.217 
3 55 71 73 123.064 261.773 3 110.865 265.856 4 72.1633 246.242 
2 55 71 73 123.064 261.773 4 72.1633 246.242 
3 144 155 148 125.497 531.168 4 358.935 507.663 5 612.011 136.634 
2 246 247 249 127.347 259.333 3 114.231 261.868 
3 50 60 71 128.751 541.382 3 348.721 283.829 4 714.648 459.574 
3 255 255 255 129.33 224.062 3 122.102 228.967 4 82.2945 207.443 
2 51 61 75 129.521 498.553 4 324.2 507.702 
2 247 249 250 131.525 249.141 4 80.9211 232.726 
2 73 66 62 132.054 509.632 3 772.128 477.623 
2 99 130 139 132.984 259.024 4 82.9219 243.617 
2 99 130 139 132.984 259.024 3 119.89 261.561 
3 254 254 254 133.311 238.528 3 120.34 241.347 4 82.4595 221.513 
4 255 255 255 134.294 248.188 3 121.183 251.675 4 83.9627 232.096 5 61.1902 215.212 
2 65 57 63 135.915 503.009 3 299.088 462.629 
4 254 255 254 137.85 262.687 3 125.132 265.966 4 88.0002 247.302 5 64.8553 231.033 
2 81 112 122 138.846 269.491 4 89.6586 254.694 
2 255 254 254 142.458 256.36 3 130.027 259.618 
2 58 67 79 145.884 508.254 3 297.587 172.976 
2 63 77 91 148.043 559.223 3 504.863 452.961 
2 115 144 164 148.799 547.829 5 231.044 418.789 
2 133 151 157 151.615 297.285 3 140.695 299.808 
2 83 72 55 156.169 358.219 4 716.698 443.224 
3 197 185 150 158.891 382.021 3 190.795 303.04 4 52.8856 285.072 
4 255 255 255 159.161 271.972 3 147.094 271.155 4 113.291 253.267 5 716.026 365.536 
2 32 38 44 160.626 463.209 3 47.7113 471.239 
2 251 251 248 165.606 297.296 4 709.395 371.268 
2 39 47 55 166.142 463.617 5 721.073 451.492 
2 91 109 123 169.018 553.658 5 100.877 531.506 
2 53 50 41 171.529 373.05 3 193.548 300.855 
2 61 54 44 172.034 368.88 5 91.346 349.422 
2 63 79 33 173.922 448.363 4 71.8484 438.06 
2 63 79 33 173.922 448.363 4 71.8484 438.06 
2 29 37 18 175.109 451.85 4 72.6002 441.844 
2 123 147 161 175.437 546.737 3 257.428 536.933 
3 130 156 171 180.451 546.253 3 266.064 538.013 4 270.517 509.9 
2 96 116 125 191.056 554.943 3 586.61 247.54 
3 73 80 93 203.318 274.322 3 559.842 274.666 4 527.366 270.693 
2 73 80 93 203.363 274.21 3 559.842 274.666 
2 39 50 63 209.642 286.086 4 151.337 271.605 
2 110 138 151 210.478 440.5 4 101.373 429.493 
2 110 138 151 210.478 440.5 4 101.373 429.493 
2 62 66 73 211.706 546.995 4 116.506 529.956 
2 77 91 106 213.895 270.239 5 53.5694 437.802 
2 54 60 69 214.498 546.965 4 147.785 526.379 
2 255 255 255 215.955 239.193 4 210.953 515.961 
3 32 55 63 225.891 278.375 3 193.65 277.985 4 165.209 261.657 
2 254 255 255 227.429 228.281 4 175.47 211.378 
2 96 115 125 228.834 551.596 5 534.493 272.056 
2 55 67 53 235.495 459.157 4 137.129 449.249 
3 74 84 94 236.288 545.567 3 300.151 537.143 4 94.1705 532.114 
2 255 255 255 237.339 214.075 4 165.96 222.929 
2 69 95 115 239.281 334.622 4 174.098 321.412 
2 15 23 15 240.859 455.121 4 141.792 444.902 
2 68 95 116 240.895 313.751 4 176.403 299.578 
2 86 95 102 242.006 305.95 4 178.113 290.545 
2 34 50 55 242.359 332.381 4 177.135 319.352 
2 101 108 113 244.326 287.199 3 207.209 286.305 
3 23 35 40 244.916 310.287 3 206.329 309.53 4 179.706 295.931 
2 23 32 35 247.084 358.157 4 179.304 345.574 
2 40 46 51 249.089 377.982 3 189.561 392.736 
3 74 77 82 250.208 299.259 3 211.002 297.484 4 185.444 283.045 
3 68 95 119 251.206 328.736 3 209.614 329.58 4 183.781 315.768 
2 89 104 117 251.415 311.235 4 184.951 295.829 
3 44 48 57 252.996 351.206 3 209.994 352.263 4 184.369 338.623 
2 87 88 92 253.162 285.973 4 187.678 270.55 
2 45 51 58 253.852 369.107 4 196.874 358.637 
3 51 56 64 254.715 333.982 3 212.449 333.27 4 186.948 320.019 
2 58 85 102 255.163 382.986 3 253.609 375.135 
2 53 83 102 257.34 357.743 4 188.165 345.22 
2 19 37 43 259.485 380.34 4 189.059 368.557 
2 145 145 139 260.382 267.776 4 194.882 251.574 
3 25 37 38 261.306 354.848 3 216.505 355.335 4 191.586 341.833 
3 89 89 94 262.41 295.516 3 220.314 294.634 4 194.983 281.082 
2 254 255 253 264.112 303.559 4 195.916 288.195 
3 254 255 253 264.112 303.559 3 220.724 304.572 4 195.916 288.195 
2 144 144 131 264.198 316.678 4 195.744 303.085 
2 121 128 127 267.826 547.238 4 226.918 444.89 
2 44 48 56 268.031 376.162 4 195.891 365.078 
2 137 170 204 268.057 189.437 3 235.518 185.525 
2 95 98 102 268.57 290.83 3 225.194 289.434 
2 232 229 204 269.139 243.392 4 203.154 226.052 
3 54 86 112 270.674 304.174 4 201.301 289.665 5 154.064 267.215 
2 108 134 148 275.894 461.235 3 189.841 469.153 
2 39 47 33 276.098 454.99 4 174.662 445.07 
2 100 101 97 276.68 341.71 4 205.074 328.114 
2 14 21 26 277.112 371.922 4 259.958 338.092 
3 255 255 255 277.475 183.425 3 244.15 179.345 5 331.042 77.3662 
2 181 177 159 278.772 297.512 3 232.912 295.267 
3 18 23 28 279.088 458.946 3 193.84 466.428 4 177.376 449.568 
2 160 203 230 280.227 207.18 5 524.011 121.354 
2 108 120 124 280.892 550.666 5 199.005 524.398 
2 26 36 27 281.154 453.539 4 196.318 443.465 
2 94 98 104 281.734 272.961 3 236.394 270.329 
2 94 98 104 281.734 272.961 4 212.22 257.165 
3 39 50 32 281.876 456.113 3 197.145 462.795 4 180.587 446.053 
2 105 132 150 281.94 461.76 4 181.285 452.849 
2 93 103 109 283.342 587.565 5 281.932 586.832 
2 255 255 255 284.732 176.17 3 734.724 352.495 
3 250 250 249 285.242 228.794 3 241.693 223.775 4 217.304 210.941 
2 117 115 115 285.514 270.699 5 397.104 391.622 
3 56 59 67 286.474 337.81 3 236.518 338.744 4 212.842 325.192 
3 60 64 70 286.604 362.997 3 235.41 363.87 4 212.14 350.725 
2 105 118 126 286.69 551.027 3 345.66 536.859 
2 163 189 214 287.815 183.188 4 419.934 100.943 
2 84 100 112 287.915 583.009 5 328.033 582.552 
2 14 22 25 288.305 409.365 4 211.833 398.301 
2 140 139 125 289.353 346.167 3 238.355 345.799 
2 180 180 181 290.597 245.794 3 253.638 347.101 
2 254 254 254 290.684 261.036 5 367.775 402.614 
2 178 176 166 290.821 271.264 3 243.215 266.9 
2 178 176 166 290.821 271.264 3 243.215 266.9 
3 26 44 49 292.087 289.162 3 243.881 285.136 4 220.09 273.428 
2 132 171 202 292.567 182.455 3 342.047 145.487 
2 139 137 128 293.202 317.577 4 219.898 303.849 
3 255 255 255 293.219 223.982 3 247.931 218.479 4 224.011 205.698 
2 144 144 129 294.846 311.704 4 221.473 297.692 
2 141 144 139 295.239 298.589 4 222.211 283.759 
2 255 255 255 295.967 177.045 4 235.967 158.955 
3 23 37 39 296.166 346.058 3 244.12 344.851 4 221.101 332.207 
3 175 171 152 296.541 338.808 3 244.266 338.326 4 221.428 325.277 
3 175 171 152 296.541 338.808 3 244.266 338.326 4 221.428 325.277 
2 43 47 54 296.923 405.881 4 219.182 394.781 
2 74 99 119 297.964 448.215 4 233.16 440.058 
2 126 149 178 298.974 180.291 4 351.316 124.541 
3 109 118 131 300.283 287.82 3 250.372 284.154 4 226.953 272.339 
3 109 118 131 300.283 287.82 3 250.372 284.154 4 226.953 272.339 
3 51 72 95 300.698 228.836 3 254.738 221.713 4 230.736 210.372 
3 105 121 134 300.946 296.379 3 250.123 292.705 4 226.946 281.265 
3 200 190 176 302.324 274.041 3 252.358 269.942 4 229.598 257.857 
2 200 190 176 302.324 274.041 3 252.358 269.942 
3 22 25 38 302.39 463.107 3 209.64 470.722 4 194.811 453.477 
3 22 25 38 302.39 463.107 3 209.64 470.722 4 194.811 453.477 
3 240 239 226 302.48 217.598 3 255.912 210.317 4 232.143 198.741 
2 15 23 25 302.693 413.347 4 225.973 402.863 
2 11 17 21 304.017 443.573 4 216.182 433.933 
3 250 250 249 304.06 211.59 3 257.372 204.409 4 233.793 192.663 
2 116 144 162 305.188 461.344 4 197.913 451.67 
3 55 58 64 306.328 372.268 3 250.367 373.295 4 227.922 360.234 
2 60 66 76 306.33 318.146 4 230.502 302.787 
2 84 110 125 306.945 447.541 3 257.394 455.096 
2 126 134 139 307.316 276.561 3 256.165 272.151 
3 200 196 195 307.603 216.093 3 259.889 208.566 4 236.512 197.239 
2 47 82 90 309.504 289.325 3 258.403 281.922 
2 59 64 72 309.911 334.143 4 232.534 320.643 
2 80 109 127 309.982 374.413 4 231.135 362.304 
2 33 52 57 311.808 280.177 3 259.881 274.774 
2 49 52 59 313.105 382.536 4 232.969 370.66 
3 89 98 108 313.204 330.466 3 258.303 328.473 4 235.634 316.999 
2 87 96 106 313.737 320.423 4 236.627 306.41 
3 129 141 149 316.595 278.193 3 263.997 272.639 4 241.189 261.931 
2 252 253 250 316.88 195.224 4 244.868 175.725 
2 96 108 116 316.972 334.053 3 260.966 332.053 
3 24 40 44 317.423 340.995 3 261.724 338.465 4 239.195 327.045 
3 24 40 44 317.423 340.995 3 261.724 338.465 5 181.335 305.175 
3 116 127 135 320.175 278.27 3 266.446 272.322 4 243.846 261.988 
2 66 85 109 320.341 216.395 4 247.727 197.461 
2 85 100 114 320.454 327.041 4 241.755 313.684 
2 93 118 133 321.74 450.123 4 233.16 440.058 
3 116 133 146 322.486 284.301 3 543.118 149.976 4 245.304 269.364 
2 114 141 159 324.968 461.146 3 247.574 468.731 
3 97 112 123 325.043 538.509 3 586.976 277.958 4 73.5073 538.534 
2 91 94 99 325.085 344.576 4 245.357 330.895 
3 89 113 121 325.427 453.43 3 248.005 460.547 4 235.989 444.636 
3 112 141 155 325.836 448.129 3 248.894 453.546 4 236.984 438.081 
3 112 141 155 325.836 448.129 3 248.894 453.546 4 236.984 438.081 
2 255 255 255 326.048 217.16 4 253.127 197.95 
3 111 136 167 326.359 171.585 3 246.522 182.404 4 219.815 168.191 
2 70 76 86 327.314 327.1 4 248.166 314.163 
2 35 43 57 327.523 466.815 3 227.061 474.949 
2 69 75 85 328.026 312.487 4 249.752 297.207 
3 57 60 68 328.364 403.989 3 266.381 406.65 4 244.797 392.865 
2 114 137 157 330.653 461.171 5 176.205 459.153 
2 70 74 85 330.907 347.535 4 249.877 334.602 
2 66 74 81 332.347 330.167 4 251.367 316.515 
3 65 69 78 334.261 322.607 3 275.268 320.026 4 253.444 309.167 
2 144 153 161 334.39 263.471 3 278.443 257.374 
3 225 223 212 334.492 249.449 3 278.942 241.742 4 257.498 231.683 
2 41 64 61 334.639 269.973 3 278.595 263.081 
2 148 161 167 334.888 259.953 4 256.787 243.181 
2 228 229 229 336.89 206.005 3 582.581 217.635 
2 116 124 131 337.15 305.162 3 279.014 300.704 
2 93 101 108 337.499 330.374 3 277.848 327.094 
2 121 130 137 337.537 290.504 4 9.04944 333.151 
3 89 97 107 337.658 330.135 3 277.848 327.094 4 256.625 315.962 
2 61 68 88 338.008 262.79 4 259.788 245.378 
2 116 123 128 338.151 307.667 4 257.998 293.406 
2 255 255 255 338.578 164.392 4 250.027 155.304 
3 154 163 168 339.157 278.158 3 281.951 272.427 4 259.998 262.939 
3 104 109 115 340.176 256.151 3 283.414 249.982 4 262.297 239.097 
2 146 152 154 340.199 285.994 3 282.418 280.082 
2 22 30 30 340.259 361.742 4 257.159 352.286 
2 22 30 30 340.259 361.742 4 257.159 352.286 
2 34 35 28 341.307 366.915 4 258.384 355.061 
2 25 42 45 341.611 334.662 4 259.724 320.937 
3 57 75 99 342.981 202.444 3 289.487 190.966 4 267.475 182.512 
3 57 75 99 342.981 202.444 3 289.487 190.966 4 267.475 182.512 
2 94 102 113 343.826 311.089 4 262.223 296.733 
2 81 90 101 345.788 358.259 4 262.844 346.552 
2 255 255 254 346.028 162.422 4 226.918 444.89 
2 68 74 85 348.182 354.877 5 171.561 584.148 
4 96 106 117 348.475 329.034 3 287.077 326.185 4 265.748 315.57 5 204.062 292.964 
4 122 128 140 348.637 276.779 3 289.397 270.855 4 267.98 262.026 5 207.96 232.947 
2 179 183 184 349.054 182.955 3 294.531 170.979 
3 255 255 254 349.793 203.772 3 296.293 193.109 4 274.607 184.416 
3 255 255 254 350.289 204.343 3 296.293 193.109 4 274.607 184.416 
3 109 122 132 351 303.767 3 289.827 298.386 4 268.638 289.036 
3 255 255 254 351.03 205.479 3 296.293 193.109 4 274.607 184.416 
3 60 70 80 352.3 464.663 3 268.822 473.481 4 258.995 457.197 
2 52 80 100 352.961 408.575 4 266.595 398.092 
3 184 185 192 353.459 207.031 3 560.3 312.795 4 525.353 258.604 
4 84 101 124 355.057 291.283 3 294.655 285.224 4 273.22 275.881 5 212.291 247.494 
2 79 95 116 355.152 317.646 4 272.032 303.571 
4 83 103 125 355.249 300.344 3 294.117 294.564 4 272.989 285.302 5 211.344 257.468 
3 119 143 161 356.369 468.585 3 272.672 479.001 4 297.787 468.695 
3 91 112 135 357.584 320.67 3 296.648 316.556 4 275.149 306.699 
4 91 112 135 357.584 320.67 3 296.648 316.556 4 275.149 306.699 5 213.993 281.746 
2 91 110 130 357.661 327.65 3 296.131 324.197 
3 83 104 131 358.951 244.757 3 300.005 234.924 4 278.834 226.421 
2 36 42 58 359.514 471.842 4 213.767 457.277 
3 77 87 103 360.051 374.461 3 297.421 374.733 4 275.992 362.731 
2 58 65 77 360.563 378.279 3 297.737 378.83 
2 82 106 123 364.063 457.305 3 283.853 465.119 
4 58 61 71 364.177 583.105 3 560.3 312.795 4 525.353 258.604 5 456.229 124.665 
2 55 66 78 365.783 466.312 5 178.427 453.502 
2 73 84 102 366.74 326.493 5 226.19 289.305 
3 73 84 102 366.74 326.493 3 307.121 323.069 5 226.19 289.305 
2 89 112 141 367.523 188.394 5 235.985 128.536 
3 101 107 108 368.779 580.92 3 546.313 245.728 4 515.57 242.709 
2 123 149 163 368.894 526.984 5 33.767 531.573 
2 77 88 109 369.229 333.398 3 309.717 330.407 
2 57 64 74 369.37 403.42 3 308.16 406.342 
2 86 111 141 369.777 174.782 4 294.069 154.648 
3 92 110 124 371.53 533.75 3 678.849 320.428 4 146.377 529.936 
3 138 167 180 372.586 392.466 3 310.104 394.166 4 288.458 381.429 
2 138 167 180 372.586 392.466 4 288.458 381.429 
3 138 167 180 372.586 392.466 3 310.104 394.166 4 288.458 381.429 
3 77 98 122 373.141 228.227 3 317.895 218.196 5 241.358 175.273 
2 77 98 122 373.141 228.227 3 317.895 218.196 
3 84 103 125 373.54 296.084 4 294.317 281.48 5 237.536 254.165 
2 253 254 254 377.095 151.963 3 364.069 133.868 
2 98 121 146 377.944 260.923 3 322.452 253.178 
2 98 121 146 377.944 260.923 3 322.452 253.178 
3 83 104 131 378.105 247.165 3 323.077 238.417 4 301.01 230.502 
3 83 104 131 378.105 247.165 3 323.077 238.417 4 301.01 230.502 
2 28 36 44 378.933 462.348 3 383.582 475.492 
2 83 103 127 379.159 283.01 3 323.474 276.685 
2 99 123 147 384.357 263.239 4 308.092 247.631 
3 93 117 141 384.976 217.013 3 332.348 206.674 5 258.597 163.472 
4 93 117 141 384.976 217.013 3 332.348 206.674 4 310.179 199.192 5 258.597 163.472 
3 99 123 155 385.96 190.846 3 331.939 184.468 4 310.964 175.731 
2 28 40 24 387.366 455.347 3 305.612 463.677 
2 83 102 126 387.776 296.109 4 310.53 282.055 
2 94 113 127 388.285 532.148 4 146.377 529.936 
4 95 115 139 388.652 253.098 3 335.49 244.791 4 313.18 237.099 5 260.946 205.372 
2 83 108 124 391.784 459.346 3 308.906 468.297 
2 83 100 123 392.145 298.67 4 315.318 284.933 
3 57 67 78 393.501 467.354 3 274.314 471.926 4 299.6 460.545 
3 109 133 150 393.566 472.856 4 262.529 462.1 5 140.984 443.967 
2 87 110 134 395.208 276.443 5 79.9592 462.152 
2 98 126 152 395.787 249.925 4 321.483 234.02 
2 98 126 152 395.787 249.925 4 321.483 234.02 
2 16 18 29 396.374 477.428 3 227.061 474.949 
2 9 11 21 396.741 459.944 4 303.544 452.716 
4 102 126 156 399.338 250.88 3 348.497 242.428 4 325.876 234.867 5 276.165 203.6 
2 85 107 133 399.922 233.84 3 559.842 274.666 
2 56 67 77 400.087 467.79 3 281.83 472.972 
2 82 100 125 400.391 262.024 3 349.155 254.223 
2 88 105 114 400.924 587.779 5 270.115 586.933 
2 83 106 123 401.207 460.077 4 309.241 452.896 
3 98 125 152 401.409 195.327 3 352.202 184.093 4 329.729 176.972 
3 85 106 134 401.452 248.385 3 351.409 240.478 4 328.419 232.805 
2 197 209 216 401.609 174.629 4 322.885 152.642 
2 197 209 216 401.609 174.629 3 388.428 175.664 
4 98 125 149 401.778 203.086 3 352.383 192.321 4 329.744 185.263 5 282.269 148.796 
2 249 249 248 402.043 143.53 3 364.069 133.868 
3 125 163 196 403.947 272.499 3 562.636 251.634 5 508.832 289.58 
2 127 173 202 404.07 242.044 4 331.934 226.931 
3 36 40 47 404.819 464.912 3 286.447 470.085 4 312.409 458.475 
3 126 165 196 405.613 296.783 3 225.501 537.351 5 619.13 269.01 
2 155 197 222 406.223 176.885 3 367.655 168.442 
2 129 174 206 406.417 247.023 3 641.326 382.502 
3 73 87 115 406.69 181.195 3 358.145 169.806 4 336.325 164.087 
2 79 97 123 407.585 179.925 4 345.065 164.523 
2 143 169 193 408.746 143.887 4 419.934 100.943 
2 125 176 207 409.352 320.423 5 286.108 249.631 
3 176 208 225 409.435 177.071 4 346.071 160.655 5 309.25 125.914 
4 221 237 241 409.981 177.869 3 371.197 169.381 4 347.11 162.2 5 285.402 116.937 
2 248 249 248 410.717 140.509 4 349.051 121.986 
3 248 249 248 410.836 140.851 3 372.665 130.544 5 312.953 84.8233 
2 15 19 22 413.209 429.864 4 322.903 424.392 
2 62 77 90 418.132 469.172 5 202.425 455.504 
2 34 42 34 419.139 457.888 3 299.088 462.629 
2 135 171 202 419.389 214.74 4 349.837 198.099 
3 151 194 212 419.915 166.971 3 381.725 156.919 4 401.788 136.319 
3 103 120 128 420.222 532.498 3 109.102 553.197 5 201.322 317.064 
3 137 180 208 420.443 270.316 3 371.718 261.357 4 349.532 256.322 
2 75 91 113 420.89 188.537 4 353.295 171.161 
4 127 168 201 421.175 247.117 3 374.471 239.16 4 350.887 232.087 5 306.302 201.554 
3 84 102 124 421.713 201.663 3 609.326 159.111 5 309.818 149.127 
2 77 90 114 422.673 187.151 4 353.966 170.761 
2 73 86 111 423.689 245.501 4 353.704 230.457 
2 70 85 111 424.001 241.156 3 376.832 262.127 
3 75 91 117 424.243 216.551 3 378.623 206.808 4 355.293 200.111 
2 98 117 137 425.675 206.589 3 380.343 196.303 
3 146 179 198 425.716 167.845 3 432.916 141.441 4 380.385 145.342 
2 139 158 180 426.47 138.036 3 337.639 146.394 
2 56 65 74 426.935 470.254 5 459.005 207.165 
2 131 157 174 427.13 519.447 4 525.353 258.604 
4 232 242 244 427.877 184.881 3 388.428 175.664 4 364.521 169.165 5 327.384 133.922 
2 28 38 21 429.028 457.958 5 290.761 443.858 
3 107 137 171 430.822 137.059 4 351.316 124.541 5 414.003 47.4409 
3 152 196 214 433.171 168.859 3 451.48 139.137 4 427.372 135.531 
2 128 150 167 434.584 481.18 4 291.951 471.628 
2 78 88 97 436.612 471.288 4 263.061 455.845 
2 70 82 92 438.1 475.879 3 306.844 481.395 
4 172 211 226 441.929 180.154 3 400.382 170.279 4 375.005 163.39 5 338.156 127.574 
2 108 121 132 442.672 216.16 4 375.842 200.861 
2 16 20 29 443.323 484.149 3 227.061 474.949 
2 10 13 21 443.403 462.787 4 267.469 448.938 
2 10 13 21 443.403 462.787 4 267.469 448.938 
2 140 172 189 444.95 162.104 3 432.916 141.441 
2 241 249 249 447.404 129.014 3 408.57 116.533 
2 139 165 179 455.917 498.58 3 582.49 212.368 
2 139 165 179 456.173 499.289 3 582.49 212.368 
3 146 183 207 459.595 205.381 3 421.106 194.955 4 396.556 189.351 
2 95 113 125 460.581 523.365 3 678.849 320.428 
2 157 195 214 462.249 161.914 4 428.639 135.705 
2 138 185 204 465.184 153.255 4 375.52 143.954 
2 135 164 183 472.212 154.166 3 432.916 141.441 
2 139 167 186 472.558 154.005 3 432.916 141.441 
3 125 159 187 472.962 185.85 3 464.892 165.029 4 440.072 161.643 
3 210 235 233 474.468 182.463 3 466.881 161.811 4 441.925 158.596 
2 232 241 242 474.633 120.061 3 445.295 102.192 
2 140 181 204 474.816 221.055 5 403.357 286.168 
2 171 204 215 475.13 281.039 4 417.968 266.27 
2 45 55 65 475.174 470.391 3 266.493 467.556 
2 27 30 37 475.263 466.451 3 383.582 475.492 
3 0 0 0 478.446 590.938 3 578.159 589.874 5 578.2 589.869 
2 123 179 203 479.634 220.165 3 449.932 208.219 
2 157 184 203 479.986 294.882 5 507.832 154.378 
3 138 180 206 485.859 218.564 3 466.883 246.444 5 403.357 286.168 
4 164 195 213 486.179 279.24 3 466.742 269.128 4 417.968 266.27 5 403.357 286.168 
3 34 41 54 489.1 473.468 3 294.561 478.446 4 367.403 464.988 
2 125 181 208 491.241 218.285 5 405.857 207.344 
2 88 108 122 492.381 506.643 3 329.436 525.586 
3 25 30 35 492.599 466.102 3 383.582 475.492 5 464.412 348.322 
3 124 147 163 493.081 485.065 3 368.736 498.306 4 352.773 478.098 
3 34 45 35 493.681 458.521 3 378.692 467.004 4 358.243 449.901 
2 27 40 22 497.254 458.461 3 418.364 466.509 
2 9 13 18 497.675 439.527 5 392.673 423.082 
2 47 55 66 498.659 469.065 5 632.774 307.221 
2 123 146 163 502.106 485.089 4 352.773 478.098 
2 144 176 194 503.069 179.263 4 437.303 163.874 
2 117 148 174 503.805 112.532 3 337.639 146.394 
2 66 86 105 506.079 461.097 5 214.978 191.084 
4 200 208 212 506.845 130.306 3 462.149 118.754 4 441.062 114.411 5 409.511 71.4031 
3 93 111 140 508.482 111.152 3 447.707 103.779 4 445.114 93.0957 
3 163 200 216 509.37 275.538 3 466.742 269.128 5 403.357 286.168 
3 165 193 211 509.399 271.056 4 422.472 265.436 5 405.857 207.344 
2 101 116 123 510.516 586.897 3 435.101 587.981 
2 26 38 24 512.48 457.891 3 418.364 466.509 
2 139 183 200 514.131 146.419 4 449.726 129.4 
2 146 173 190 514.156 175.234 3 473.575 162.181 
3 97 147 180 514.543 209.508 3 474.308 197.876 5 415.138 159.663 
3 123 170 190 515.047 112.508 3 476.188 94.6568 5 421.622 46.8333 
3 177 206 217 515.181 170.03 4 449.249 154.791 5 417.255 115.4 
3 129 172 192 515.194 136.969 4 450.457 119.865 5 419.091 77.5848 
3 128 183 207 515.706 214.201 3 474.625 203.381 5 415.696 165.914 
2 133 179 205 515.837 204.16 3 474.874 192.679 
2 151 194 216 516.153 246.72 5 414.223 202.059 
3 156 189 211 516.493 194.05 3 475.496 181.694 5 417.315 141.629 
2 162 186 196 516.58 184.198 5 417.79 131.058 
2 153 189 205 517.324 266.35 3 475.111 259.159 
3 53 95 138 517.931 108.886 3 478.843 92.5484 4 454.822 90.6704 
3 127 177 202 518.021 206.148 3 476.953 194.669 5 418.467 156.262 
2 56 106 153 518.951 140.6 4 454.546 123.958 
2 49 111 158 520.189 175.097 4 454.347 158.988 
2 61 132 178 520.303 112.995 4 457.516 95.2051 
3 81 157 189 520.919 146.04 4 456.662 129.377 5 424.033 164.974 
3 66 137 184 521.202 139.127 3 482.93 194.919 4 456.685 191.975 
3 46 53 62 521.417 509.502 3 366.181 529.395 4 356.032 503.892 
3 76 157 193 522.08 172.507 3 482.067 158.66 4 456.683 156.348 
4 56 81 112 522.511 111.531 3 484.059 95.3853 4 459.828 93.5083 5 430.568 47.7131 
2 56 84 119 523.524 142.737 4 459.71 126.102 
3 145 193 213 524.388 248.312 3 483.331 239.122 4 456.427 256.813 
3 128 179 206 524.886 254.194 3 483.612 245.735 5 423.435 212.27 
3 146 187 213 525.349 275.427 3 483.793 268.602 4 456.11 263.598 
3 143 185 211 525.378 269.391 4 456.427 256.813 5 422.916 228.706 
2 207 239 255 526.157 108.254 3 545.153 112.914 
2 122 170 199 527.119 314.086 5 422.916 228.706 
3 52 73 102 527.537 252.104 3 486.891 243.361 4 459.49 239.321 
2 101 170 202 527.714 175.136 5 448.911 129.732 
4 92 157 195 527.79 194.508 3 488.022 181.943 4 461.995 179.293 5 448.346 150.48 
3 64 124 179 529.205 179.076 3 490.69 166.774 4 464.126 163.474 
3 35 49 72 530.039 317.487 3 488.154 312.968 4 459.305 306.22 
3 133 175 201 530.488 255.8 3 489.707 246.965 4 462.147 242.826 
3 154 194 219 530.749 250.684 4 462.641 237.905 5 430.322 208.043 
2 150 185 211 531.407 271.244 4 461.979 259.423 
2 155 192 215 531.897 277.308 5 447.201 242.427 
2 156 194 218 532.12 277.69 5 447.201 242.427 
2 135 179 207 533.127 315.683 4 472.386 311.482 
3 43 51 59 533.159 501.141 3 386.128 519.038 4 373.086 495.098 
2 121 176 207 533.165 320.835 5 429.596 237.978 
2 38 45 57 534.46 468.84 3 390.285 480.176 
3 160 196 222 534.712 247.561 3 495.021 238.349 4 467.337 235.087 
4 44 71 108 535.408 119.04 3 498.902 103.507 4 487.482 109.655 5 463.335 67.3969 
2 153 192 220 536.71 284.644 5 505.084 95.4344 
2 75 148 190 536.844 211.992 5 508.832 289.58 
3 145 188 213 538.405 253.489 4 331.934 226.931 5 508.525 288.664 
2 154 187 209 539.475 273.871 5 508.832 289.58 
4 77 112 153 539.546 120.96 3 504.069 105.95 4 478.172 103.798 5 452.138 60.5043 
2 31 39 47 540.641 464.543 4 291.187 455.593 
2 119 176 209 541.383 322.672 5 306.302 201.554 
2 127 175 206 541.385 317.79 5 508.525 288.664 
3 67 138 188 541.622 139.397 3 505.914 126.834 4 480.434 124.236 
2 37 48 63 541.905 471.266 5 505.396 295.531 
2 31 45 61 542.609 197.907 3 610.262 169.951 
2 47 58 74 543.719 467.137 4 330.523 462.225 
3 28 41 58 544.804 189.367 3 510.415 177.498 4 483.165 175.084 
2 66 136 184 544.994 139.822 3 509.894 127.207 
4 65 115 128 545.715 183.003 3 511.435 171.693 4 484.279 169.498 5 459.099 134.181 
2 32 51 69 547.135 156.002 4 486.351 141.002 
3 45 81 118 547.446 126.18 3 513.049 111.157 4 487.482 109.655 
4 40 67 86 547.86 263.661 3 336.466 485.03 4 320.906 466.154 5 219.138 463.121 
2 13 23 15 548.465 456.107 4 172.106 359.523 
3 59 113 128 549.355 256.87 3 513.868 249.387 4 484.831 245.506 
2 9 14 20 549.467 438.223 5 450.016 422.376 
2 31 52 69 549.936 220.527 5 460.144 244.566 
3 29 46 64 550.3 202.08 3 515.454 191.026 4 487.446 188.507 
2 62 132 177 550.549 136.63 3 516.607 122.911 
2 55 107 124 550.976 291.995 3 515.441 286.963 
4 70 111 134 551.978 187.133 3 517.332 175.243 4 489.968 172.773 5 464.5 137.768 
3 35 61 80 552.136 140.1 3 518.741 126.545 5 468.559 85.4155 
2 73 108 133 552.237 199.303 4 489.485 186.077 
3 24 41 59 552.337 260.704 3 516.816 252.98 4 487.385 248.933 
3 24 41 59 552.337 260.704 3 516.816 252.98 4 487.385 248.933 
2 30 46 64 552.848 280.688 5 460.144 244.566 
2 30 46 64 553.018 280.768 5 460.144 244.566 
2 26 48 66 553.072 158.987 3 519.331 145.71 
4 48 77 113 553.162 129.805 3 519.836 115.288 4 493.748 113.958 5 470.62 72.3574 
2 37 57 70 554.606 316.312 4 487.972 307.395 
2 38 62 81 554.652 189.94 3 524.487 292.321 
3 38 62 81 554.652 189.94 3 524.487 292.321 4 492.604 176.191 
4 25 38 57 555.47 204.315 3 521.078 193.422 4 492.994 191.011 5 467.942 157.597 
3 62 102 122 555.669 258.994 3 520.357 251.076 4 490.793 247.333 
2 21 37 53 555.961 323.486 4 488.26 312.933 
2 26 43 59 556.349 223.106 5 468.383 105.684 
2 24 40 55 556.555 344.665 4 488.007 334.518 
3 62 99 122 557.339 294.591 3 517.332 175.243 4 490.996 283.475 
2 129 153 166 557.594 495.519 5 466.827 480.976 
2 129 153 166 557.594 495.519 5 466.827 480.976 
4 182 223 254 557.89 132.09 3 524.974 117.01 4 498.583 115.987 5 475.414 74.9938 
2 21 37 57 558.377 262.772 4 493.448 251.064 
4 51 62 81 559.172 146.972 3 525.987 132.984 4 499.079 131.548 5 475.685 91.7865 
3 19 31 42 559.271 389.646 3 521.88 391.484 4 489.01 380.213 
3 19 31 42 559.271 389.646 3 521.88 391.484 4 489.01 380.213 
2 51 60 77 559.459 176.979 3 526.128 164.67 
3 52 63 80 559.607 167.188 3 526.057 153.07 5 474.996 114.467 
2 54 63 81 559.726 158.405 3 526.388 145.766 
3 54 63 81 559.726 158.405 3 526.388 145.766 4 499.19 144.429 
3 30 51 66 560 297.574 3 524.487 292.321 4 492.604 176.191 
2 61 93 119 561.346 261.254 4 496.944 249.816 
4 21 35 52 561.475 324.74 3 525.704 321.325 4 494.096 314.377 5 466.493 294.34 
4 21 35 52 561.475 324.74 3 528.591 392.276 4 495.061 381.156 5 466.237 368.652 
2 98 111 119 561.621 585.843 3 564.797 586.776 
4 46 55 73 561.678 192.549 3 528.043 180.454 4 499.999 178.785 5 475.955 143.71 
2 46 55 73 561.877 192.632 4 499.999 178.785 
4 62 90 114 562.384 280.474 3 527.606 274.394 4 497.133 269.435 5 471.072 244.827 
4 18 28 42 562.439 345.397 3 526.535 343.515 4 494.41 335.407 5 209.783 172.63 
2 18 28 42 562.439 345.397 4 494.41 335.407 
2 58 80 100 562.624 285.23 4 497.671 316.911 
2 49 60 78 562.984 236.908 4 499.2 224.401 
2 48 57 74 563.161 207.094 3 529.318 195.909 
3 48 57 74 563.161 207.094 4 501.043 193.632 5 477.076 160.344 
2 43 54 70 564.36 271.671 4 499.461 260.337 
3 45 56 73 564.643 247.788 4 500.556 235.791 5 475.324 207.337 
3 16 24 33 564.987 390.392 3 528.591 392.276 4 495.061 381.156 
4 16 24 33 564.987 390.392 3 528.591 392.276 4 495.061 381.156 5 466.237 368.652 
3 47 58 76 565.687 254.385 3 528.27 170.34 4 500.289 168.957 
2 42 51 66 565.716 276.972 3 530.951 270.378 
3 12 16 22 566.023 412.907 4 495.302 403.966 5 466.009 394.061 
2 12 16 22 566.023 412.907 5 466.009 394.061 
3 45 53 68 566.418 286.163 3 531.581 279.308 4 500.91 274.831 
3 43 52 67 567.343 293.516 4 501.823 282.569 5 476.303 258.561 
3 38 47 61 568.096 306.677 3 533.357 301.753 4 501.982 295.905 
3 43 60 76 569.426 410.392 4 499.114 401.784 5 470.512 391.437 
3 34 40 52 570.088 355.604 3 534.629 354.624 4 501.679 346.04 
3 32 38 49 571.277 376.352 3 535.548 376.901 4 502.095 366.667 
3 72 88 108 571.756 151.705 3 538.039 137.314 5 487.988 96.6734 
2 65 81 101 571.931 175.166 4 510.001 160.893 
2 73 89 109 572.525 166.103 3 538.799 152.084 
4 91 111 135 572.638 129.604 3 538.993 113.962 4 635.251 188.61 5 632.976 161 
3 91 111 135 572.638 129.604 3 538.993 113.962 4 512.357 114.189 
2 66 83 104 574.073 186.924 4 511.52 191.75 
3 68 86 106 574.116 192.503 3 539.879 180.01 4 511.365 178.65 
3 102 129 158 574.459 143.654 3 540.913 128.917 5 491.41 87.5936 
4 67 84 104 574.836 210.942 3 540.424 199.519 4 511.443 197.83 5 487.528 164.332 
4 67 82 103 574.892 205.028 3 540.524 193.327 4 511.52 191.75 5 487.833 157.567 
2 70 88 108 574.904 199.42 3 540.599 187.498 
2 65 82 102 575.253 219.11 4 511.111 206.271 
2 100 127 157 575.566 156.602 4 514.022 141.886 
2 98 126 155 575.883 168.851 3 541.977 155.324 
3 103 132 161 576.529 174.781 3 542.634 161.413 4 514.408 160.567 
4 69 87 110 577.622 243.119 3 542.9 233.615 4 512.639 230.853 5 488.285 201.039 
3 66 81 99 578.553 259.095 3 543.759 250.655 4 512.881 247.529 
4 102 133 162 578.702 194.831 3 544.273 182.125 4 515.307 180.875 5 492.171 145.264 
3 104 132 160 578.952 219.512 3 544.482 208.556 5 491.144 174.307 
4 56 68 85 579.088 274.33 3 544.02 266.776 4 512.789 262.944 5 487.647 236.699 
4 62 77 96 579.445 269.497 3 544.448 261.869 4 513.214 258.13 5 488.37 231.478 
4 99 125 155 579.556 159.014 3 546.626 145.337 4 518.593 145.251 5 497.007 107.703 
2 59 75 92 579.696 299.373 5 493.227 212.511 
2 59 74 93 579.731 278.618 5 487.871 183.106 
4 60 77 95 580.07 285.946 3 544.791 279.291 4 513.271 274.83 5 487.928 250.018 
2 54 63 78 580.603 323.551 4 512.632 313.506 
2 65 81 104 581.118 293.928 4 511.111 206.271 
4 53 67 82 581.315 310.944 3 545.945 306.092 4 513.569 300.62 5 487.814 278.67 
3 103 132 156 581.721 266.53 3 546.823 258.533 4 515.559 255.009 
3 105 136 161 582.038 253.867 3 550.93 305.474 4 517.081 241.667 
2 103 129 151 582.215 272.773 5 491.024 234.957 
4 56 65 80 582.306 320.831 3 547.031 316.502 4 514.1 310.351 5 488.369 289.154 
3 101 124 147 582.554 276.422 4 515.839 264.976 5 490.99 239.021 
4 65 79 96 582.568 315.969 3 547.089 311.593 4 514.497 305.598 5 488.819 284.103 
4 49 58 71 582.883 333.618 3 547.397 330.336 4 514.191 323.4 5 487.885 304.232 
2 43 51 62 582.914 350.758 5 486.959 323.928 
3 102 127 151 583.319 287.824 3 548.21 281.147 5 491.334 252.031 
3 50 60 73 583.464 338.611 3 547.604 336.036 5 487.983 310.041 
3 53 62 75 583.818 342.885 3 548.001 340.643 4 514.502 332.933 
4 98 121 151 583.997 140.636 3 552.46 126.089 4 524.47 125.736 5 562.935 124.15 
2 100 126 155 584.637 157.126 4 524.655 142.942 
4 43 50 61 584.849 376.215 3 548.761 376.196 4 514.788 366.785 5 487.122 352.198 
4 43 50 61 585.105 376.287 3 548.761 376.196 4 514.788 366.785 5 487.122 352.198 
4 99 120 139 586.016 309.94 3 550.93 305.474 4 517.081 241.667 5 493.227 212.511 
2 44 52 63 586.093 386.192 3 550.135 387.673 
2 83 101 112 586.242 336.592 3 550.907 333.607 
3 50 54 63 586.643 390.953 3 550.664 392.459 5 488.444 368.959 
2 35 42 52 586.804 406.153 3 550.615 409.134 
4 89 105 118 586.98 332.635 3 551.912 329.728 4 518.309 322.748 5 492.753 303.504 
2 79 96 122 587.205 147.709 4 528.318 139.025 
4 91 104 116 587.424 345.486 3 552.068 343.291 4 517.842 335.576 5 491.994 317.539 
4 95 116 135 587.505 323.531 3 552.84 319.816 4 519.38 313.497 5 494.213 293.013 
4 89 102 112 587.509 354.207 3 552.012 352.63 4 517.861 344.467 5 491.644 327.536 
2 78 94 119 587.675 153.32 3 556.536 139.275 
3 88 100 114 587.712 345.554 3 552.068 343.291 5 491.994 317.539 
2 97 110 117 588.141 585.081 3 588.868 584.809 
2 58 66 85 588.538 167.313 5 508.168 116.156 
4 110 155 185 589.001 181.784 3 557.356 171.84 4 518.593 145.251 5 497.007 107.703 
2 79 89 98 589.103 374.49 4 519.036 365.032 
4 114 119 113 589.386 390.231 3 553.702 391.893 4 518.386 380.783 5 491.426 368.012 
3 105 136 163 589.656 238.68 3 557.528 229.22 4 526.632 226.909 
3 78 90 99 589.993 373.781 3 554.893 373.451 5 494.209 348.501 
3 111 138 160 590.367 283.62 3 557.546 277.063 4 525.015 272.835 
2 105 136 164 590.413 244.713 3 558.389 235.197 
3 98 122 146 590.714 268.664 4 525.353 258.604 5 456.229 124.665 
2 93 161 198 590.727 201.824 3 558.793 189.668 
3 103 132 159 591.087 250.472 3 558.638 240.954 4 527.074 238.053 
2 93 116 139 592.175 280.996 4 527.832 305.661 
3 61 70 79 592.526 388.315 3 557.384 389.842 4 521.806 379.219 
3 100 122 143 593.019 289.522 3 560.386 283.478 4 527.622 278.915 
3 96 118 138 593.555 316.89 3 560.3 312.795 5 456.229 124.665 
3 100 123 144 593.935 308.018 3 560.964 303.292 4 527.862 297.97 
2 97 116 133 594.932 331.874 3 560.964 303.292 
2 59 80 106 595.301 170.879 3 565.29 157.913 
2 93 110 126 596.004 338.911 5 642.896 318.92 
3 145 185 206 596.079 250.336 4 245.304 269.364 5 187.975 253.386 
4 80 95 120 597.02 154.338 3 567.177 141.436 4 538.622 141.371 5 520.382 103.534 
3 99 163 201 597.522 235.438 3 564.392 224.729 5 514.348 193.882 
2 51 34 43 597.694 402.609 3 563.611 405.562 
2 80 95 102 597.902 365.243 3 557.636 243.984 
4 143 189 210 598.018 314.454 3 565.072 310.433 4 531.231 304.581 5 509.884 281.373 
2 130 186 210 598.038 319.523 5 508.832 289.58 
2 93 161 199 598.319 205.792 4 538.088 193.339 
2 56 63 73 599.531 410.431 4 528.791 401.777 
3 104 169 204 599.751 231.267 3 570.15 221.991 4 538.055 219.85 
4 84 103 129 600.256 170.569 3 571.463 157.706 4 541.583 157.345 5 524.011 121.354 
3 64 126 178 601.282 202.982 3 574.003 218.661 4 541.117 190.64 
3 78 151 193 602.164 177.662 3 573.575 165.745 4 543.422 164.978 
2 191 210 215 602.171 307.312 5 516.204 272.673 
2 81 142 186 603.451 228.606 3 574.003 218.661 
3 85 155 195 603.861 201.835 3 575.053 190.36 4 544.099 189.346 
2 130 186 211 604.85 331.711 5 517.51 304.072 
2 161 194 210 604.965 283.793 4 542.462 307.061 
2 147 189 209 605.613 288.657 3 575.995 282.596 
3 88 160 198 605.815 227.094 3 576.914 217.046 4 544.961 215.359 
2 76 102 132 606.609 205.201 3 578.177 194.274 
4 76 102 132 606.609 205.201 3 578.177 194.274 4 546.86 193.229 5 529.462 161.059 
3 101 162 202 606.643 236.057 3 577.701 226.495 4 545.581 224.708 
2 103 107 64 606.883 370.201 3 571.661 369.372 
2 104 132 161 606.937 173.298 3 578.999 160.342 
3 80 104 130 608.63 229.506 3 580.114 220.061 4 547.962 218.237 
2 171 199 214 608.797 264.05 5 527.956 228.208 
3 106 140 167 610.037 217.304 3 467.452 301.651 4 472.349 277.984 
2 110 139 168 610.604 222.606 3 582.49 212.368 
4 142 185 207 610.922 290.246 3 581.983 285.182 4 547.628 280.526 5 33.767 531.573 
3 109 138 166 610.939 227.541 3 582.581 217.635 4 550.424 216.033 
4 140 187 212 612.987 318.361 3 583.826 314.184 4 548.527 308.302 5 529.092 288.423 
4 50 50 35 613.011 433.21 3 579.919 439.074 4 541.629 425.328 5 517.522 418.367 
4 75 90 112 613.216 287.944 3 584.851 282.207 4 550.352 277.995 5 531.745 254.727 
4 123 183 209 613.354 323.896 3 584.234 320.845 4 548.68 314.563 5 529.237 295.67 
4 57 68 77 615.496 411.836 3 584.602 415.719 4 546.872 403.493 5 524.847 394.18 
3 36 40 46 616.628 419.363 3 586.325 424.367 4 548.178 410.855 
3 67 81 96 616.858 332.487 4 116.506 529.956 5 532.942 304.447 
2 49 51 54 617.41 507.486 4 452.467 502.189 
3 69 82 100 617.527 399.59 3 587.465 402.152 4 549.507 390.94 
4 118 150 175 618.241 403.138 3 587.966 406.155 4 549.942 394.669 5 528.383 384.374 
3 52 55 57 618.339 501.67 3 478.965 520.925 4 455.377 495.954 
2 9 13 17 621.482 497.389 3 483.469 515.625 
2 86 98 108 622.988 376.363 5 537.442 354.222 
3 59 67 78 624.12 412.793 3 595.367 416.854 4 556.342 404.595 
2 73 82 91 625.213 373.047 5 540.928 351.045 
4 73 82 91 625.213 373.047 3 597.831 373.775 4 559.719 364.451 5 540.928 351.045 
2 7 8 12 627.196 506.2 3 488.71 526.645 
4 83 96 104 630.184 392.149 3 603.273 394.312 4 564.14 383.615 5 546.032 372.567 
2 83 100 124 632.455 170.977 3 609.326 159.111 
2 91 106 121 632.498 338.589 5 553.077 312.83 
3 36 41 47 633.006 416.608 3 607.358 420.886 5 549.249 400.111 
3 97 126 160 633.715 211.111 3 610.898 201.046 4 577.362 200.236 
4 98 134 167 634.008 205.333 3 611.262 194.796 4 577.909 193.926 5 566.056 164.441 
4 108 138 164 634.51 238.827 3 610.763 230.499 4 576.351 228.544 5 563.383 201.98 
3 57 66 77 636.716 414.039 3 610.754 418.146 4 570.376 405.914 
4 80 97 123 636.855 173.291 3 614.354 161.541 4 581.884 161.767 5 571.323 128.87 
4 169 204 217 637.153 202.963 3 637.83 203.454 4 602.393 202.446 5 594.234 175.259 
2 83 103 126 637.491 228.6 3 614.42 219.505 
4 82 103 125 637.612 222.582 3 614.857 213.338 4 580.741 212.17 5 568.592 183.661 
2 80 158 199 638.569 199.032 5 596.191 171.175 
2 106 175 211 639.306 218.897 4 582.697 207.942 
2 8 12 15 639.367 474.623 5 492.117 436.327 
2 70 83 94 640.332 572.721 3 292.317 576.246 
3 15 22 25 640.475 417.233 3 615.239 422.022 5 557.215 401.209 
2 88 111 135 640.61 227.668 4 583.95 217.908 
2 88 111 135 640.61 227.668 4 583.95 217.908 
2 102 124 139 640.749 337.487 4 578.392 328.078 
4 59 70 80 641.113 413.352 3 615.902 417.356 4 575.302 405.129 5 558.312 396.642 
4 101 122 138 643.669 332.224 3 620.339 329.552 4 582.051 323.133 5 568.111 305.977 
4 107 136 160 643.874 248.211 3 622.201 240.637 4 586.539 238.619 5 575.363 213.34 
4 99 112 120 644.249 357.009 3 621.01 356.535 4 581.54 348.376 5 567.156 333.934 
3 105 131 149 644.284 325.398 3 639.263 386.958 4 597.902 376.123 
4 95 111 122 645.268 351.475 3 622.054 350.344 4 582.914 342.719 5 568.871 327.677 
2 32 33 15 645.322 447.071 5 26.1553 204.356 
4 81 100 124 645.43 232.555 3 624.139 223.875 4 588.824 222.353 5 578.178 195.444 
4 105 129 155 645.723 194.585 3 624.893 183.72 4 590.92 183.521 5 581.193 153.123 
3 169 206 220 646.744 305.356 3 625.052 301.779 4 587.268 297.231 
3 104 134 163 647.211 206.593 3 626.423 196.615 4 612.146 207.628 
4 104 134 163 647.211 206.593 3 626.423 196.615 4 592.111 196.066 5 582.275 167.112 
3 76 88 104 647.336 331.209 3 625.133 329.119 4 586.526 322.922 
3 60 70 81 647.653 413.366 3 624.05 417.089 4 582.854 404.884 
4 108 137 166 647.905 215.202 3 627.182 205.848 4 612.513 215.927 5 582.741 176.89 
2 159 213 231 648.582 326.701 5 575.759 299.712 
4 112 143 170 648.609 222.082 3 627.953 212.957 4 592.929 212.004 5 583.057 184.288 
4 105 130 147 648.695 297.643 3 627.027 292.676 4 589.602 288.601 5 624.684 284.304 
4 105 130 147 648.695 297.643 3 627.027 292.676 4 589.602 288.601 5 577.631 268.122 
3 106 132 150 648.988 292.579 4 791.897 575.001 5 304.715 214.512 
2 91 107 132 649.677 176.302 4 596.153 165.96 
2 91 109 133 650.079 177.026 4 596.153 165.96 
4 99 112 120 650.403 357.62 3 628.098 357.544 4 588.105 349.19 5 575.117 335.63 
3 48 67 84 650.958 302.819 3 652.888 305.327 4 612.872 300.545 
2 90 113 137 652.982 212.584 4 598.105 202.961 
2 188 218 229 653.881 275.137 4 616.445 273.38 
2 106 130 148 653.934 248.567 4 597.821 239.061 
3 108 130 145 655.06 303.534 4 616.814 301.314 5 609.025 283.322 
4 84 103 123 655.319 285.942 3 635.38 280.972 4 597.452 276.838 5 587.329 256.383 
4 84 103 123 655.319 285.942 3 635.38 280.972 4 597.452 276.838 5 587.329 256.383 
4 50 63 86 655.338 252.871 3 635.569 245.637 4 599.061 243.625 5 589.454 219.343 
3 70 77 86 656.035 342.821 3 635.303 341.453 5 583.428 318.905 
3 91 169 208 656.85 209.122 3 658.682 210.197 4 621.408 209.665 
4 125 188 215 656.972 213.351 3 637.83 203.454 4 602.393 202.446 5 594.234 175.259 
3 88 100 107 657.218 366.124 3 635.784 367.01 4 594.193 359.101 
2 105 129 143 658.577 325.651 4 598.694 316.937 
3 80 90 98 659.287 395.655 3 638.155 398.307 4 596.028 387.74 
3 82 102 124 659.298 232.839 3 640.006 224.451 5 594.969 196.788 
3 101 124 138 659.454 332.815 4 599.514 324.326 5 588.77 308.504 
3 58 66 76 659.858 413.442 3 638.946 417.751 4 595.755 405.505 
2 112 142 164 660.072 255.089 4 603.613 245.587 
4 100 118 131 660.207 341.375 3 640.09 340.028 4 599.837 333.077 5 588.777 317.696 
4 83 106 129 660.575 236.527 3 641.813 228.954 4 605.103 227.461 5 597.131 201.57 
2 83 99 119 661.326 297.94 3 641.687 292.655 
3 116 142 165 661.676 261.957 3 642.503 254.999 4 605.134 252.627 
3 99 113 124 661.885 353.97 3 641.846 352.59 4 600.894 345.384 
2 99 113 124 661.885 353.97 4 600.894 345.384 
3 108 137 165 662.041 187.665 4 608.796 177.156 5 602.299 147.198 
2 109 137 159 662.255 273.037 5 596.424 240.986 
2 108 137 165 662.482 188.79 4 608.796 177.156 
3 109 136 165 662.622 194.551 3 644.519 184.435 4 609.365 184.549 
3 17 26 27 663.348 419.145 3 642.805 423.782 4 599.204 411.011 
4 84 99 122 663.58 250.996 3 645.114 243.344 4 607.895 241.579 5 599.744 217.528 
2 53 59 64 663.718 400.111 4 600.685 391.906 
3 107 132 161 663.78 193.5 4 590.166 169.366 5 604.174 154.322 
4 87 106 130 663.839 234.811 3 645.628 226.953 4 608.802 225.75 5 601.2 200.028 
4 7 8 13 664.439 500.68 3 552.155 518.354 4 517.131 493.906 5 426.932 506.851 
3 18 23 30 664.625 491.377 3 444.157 505.166 4 517.785 484.34 
2 111 138 159 665.919 299.801 4 594.922 235.117 
3 111 138 159 665.919 299.801 4 608.255 291.006 5 599.412 271.946 
3 112 138 167 665.995 217.066 4 612.146 207.628 5 605.372 180.702 
2 60 79 99 666.437 366.888 3 670.244 370.803 
4 112 138 165 666.612 225.009 3 649.043 216.676 4 612.513 215.927 5 582.741 176.89 
4 109 133 153 667.071 291.898 3 649.073 287.145 4 610.04 283.107 5 601.641 263.057 
2 84 109 130 667.081 258.665 4 611.115 249.941 
3 84 109 130 667.081 258.665 3 649.38 252.045 4 611.115 249.941 
2 113 140 165 667.239 230.64 4 612.88 220.99 
4 116 143 168 668.839 242.629 3 651.486 234.625 4 613.956 233.12 5 607.04 208.332 
3 96 111 116 669.083 579.01 3 651.073 572.141 5 526.803 577.359 
3 81 99 120 669.453 289.561 3 651.745 284.707 5 604.474 260.603 
2 77 85 89 669.976 491.945 4 524.973 484.885 
3 115 145 166 670.175 254.651 3 652.716 247.38 5 584.697 210.122 
2 115 145 166 670.175 254.651 5 607.132 221.792 
2 57 62 66 670.229 393.015 3 651.485 395.238 
2 57 62 66 670.229 393.015 3 678.887 341.652 
3 40 56 70 670.417 308.978 3 652.888 305.327 4 612.872 300.545 
2 172 211 224 670.636 262.534 3 631.436 249.347 
3 172 211 224 670.656 262.691 3 631.436 249.347 5 622.262 291.705 
3 172 211 224 670.656 262.691 4 594.91 246.41 5 607.939 232.472 
3 95 108 115 670.7 362.083 3 674.409 366.302 4 629.939 357.619 
3 90 110 133 672.488 234.583 3 655.939 226.714 4 618.436 225.611 
3 180 214 224 672.718 281.994 3 655.692 276.598 4 616.445 273.38 
2 75 86 96 673.584 347.875 4 613.839 339.651 
2 56 70 89 673.764 260.562 4 599.061 243.625 
3 84 101 123 673.925 203.743 4 622.656 194.795 5 685.029 331.343 
4 84 101 123 673.925 203.743 3 660.68 195.685 4 622.656 194.795 5 619.623 168.603 
4 86 102 123 674.237 291.436 3 657.843 287.299 4 617.907 283.21 5 610.73 263.786 
2 113 134 152 674.382 309.587 4 616.814 301.314 
3 103 179 212 674.571 218.574 3 658.682 210.197 4 621.408 209.665 
2 74 83 95 675.604 349.861 4 616.353 341.902 
2 131 197 225 676.393 236.749 4 622.417 227.447 
3 117 147 169 677.912 262.369 3 661.853 255.992 4 622.628 253.518 
4 91 108 124 678.769 306.815 3 662.564 303.048 4 621.81 298.402 5 615.011 280.212 
3 105 127 143 678.795 317.401 3 662.722 314.661 4 621.592 309.463 
3 110 140 168 679.144 200.136 4 627.037 190.817 5 622.792 163.178 
3 116 141 163 679.521 269.116 3 663.882 262.828 4 624.041 260.727 
4 105 125 138 679.539 344.582 3 663.075 343.419 4 620.669 336.456 5 613.048 322.1 
2 80 91 95 679.75 396.705 4 596.028 387.74 
2 114 144 171 680.062 205.264 4 627.537 195.9 
2 73 83 90 680.573 404.593 3 289.827 298.386 
3 100 119 135 680.615 334.549 4 622.318 326.261 5 615.035 310.534 
3 81 99 122 680.727 252.921 3 667.519 247.426 4 627.984 245.701 
2 83 96 105 680.751 362.339 4 640.059 357.999 
3 115 144 170 680.915 219.388 3 665.462 210.716 4 627.924 210.561 
2 111 136 157 681.089 282.687 5 619.685 255.867 
4 114 144 170 681.566 213.031 3 666.516 204.383 4 628.98 203.805 5 625.023 177.395 
2 117 147 174 681.627 226.471 4 628.368 216.831 
3 120 148 175 682.655 233.016 3 667.901 225.46 5 596.424 240.986 
2 56 62 67 683.193 393.998 4 586.526 322.922 
3 114 136 153 683.902 304.042 3 668.68 299.948 5 621.526 277.384 
4 114 136 153 683.902 304.042 3 668.68 299.948 4 627.479 295.661 5 621.526 277.384 
4 117 146 170 684.698 247.423 3 670.28 240.524 4 631.182 239.011 5 626.825 215.829 
4 173 212 222 685.126 315.985 3 631.436 249.347 4 608.825 303.285 5 622.262 291.705 
4 173 212 222 685.128 316.097 3 631.436 249.347 4 608.825 303.285 5 622.262 291.705 
3 173 212 222 685.128 316.097 4 628.313 308.095 5 622.262 291.705 
2 117 147 168 685.224 254.109 4 631.171 245.651 
3 114 138 156 685.44 299.725 4 629.342 291.42 5 623.792 273.013 
3 152 161 168 685.941 471.557 3 592.612 482.603 4 552.643 463.606 
3 105 125 142 686.519 309.809 3 672.111 306.508 5 624.684 284.304 
4 122 147 169 687.001 261.9 3 672.488 255.849 4 632.59 253.408 5 628.169 231.175 
3 144 204 223 687.516 337.09 4 609.998 323.041 5 623.147 312.121 
4 183 219 227 688.013 269.492 3 673.916 264.306 4 633.575 261.647 5 629.053 240.846 
4 183 219 227 688.013 269.492 3 673.916 264.306 4 633.575 261.647 5 629.053 240.846 
3 48 64 84 688.406 314.921 3 652.888 305.327 4 612.872 300.545 
3 96 51 67 688.518 476.606 3 596.268 488.604 4 555.662 468.851 
3 34 16 28 689.148 472.604 3 595.907 484.275 4 555.697 464.999 
3 176 217 226 690.22 288.749 4 634.973 279.943 5 630.458 261.308 
2 83 99 109 690.565 343.387 3 675.904 342.288 
3 194 228 255 693.091 93.3153 3 708.257 97.6593 4 690.565 89.152 
4 118 140 157 693.154 316.163 3 679.679 313.736 4 636.784 308.131 5 632.167 291.855 
4 118 143 156 694.085 335.137 3 680.18 333.449 4 636.576 327.219 5 631.28 312.182 
4 118 141 155 694.498 330.687 3 680.798 328.628 4 637.371 322.143 5 632.774 307.221 
4 108 129 140 695.923 348.807 3 682.206 348.256 4 637.882 341.081 5 632.532 327.689 
2 111 130 141 697.137 353.694 4 605.643 287.595 
2 117 138 150 701.175 334.739 5 640.913 311.547 
2 16 20 26 704.08 482.544 4 569.526 474.869 
3 255 255 255 709.124 336.495 4 661.392 315.65 5 715.452 353.906 
4 9 10 15 710.234 492.981 3 620.74 508.462 4 576.615 485.741 5 196.379 458.01 
3 98 112 120 710.714 562.856 3 651.073 572.141 5 526.803 577.359 
3 69 88 102 712.429 511.027 3 595.597 532.06 4 147.785 526.379 
2 0 0 0 713.079 590.979 4 713.147 590.947 
3 240 242 243 715.638 344.671 4 780.949 78.135 5 742.835 355.152 
4 53 69 46 716.126 348.329 3 730.774 351.242 4 683.501 343.176 5 690.387 335.592 
3 255 255 255 719.996 349.52 3 734.724 352.495 5 694.203 336.545 
2 22 27 21 720.427 432.389 5 519.513 362.233 
3 51 45 52 725.339 476.331 3 642.017 487.185 4 594.818 467.481 
3 16 21 29 732.71 485.004 3 328.496 533.97 4 324.2 507.702 
2 76 93 107 735.91 513.838 3 616.292 535.584 
2 20 24 29 737.842 484.417 3 135.958 373.157 
3 76 85 92 743.84 487.611 3 673.634 501.184 4 621.217 479.629 
2 27 29 32 750.827 433.083 3 769.967 440.672 
2 0 0 0 752.132 592.985 3 672.096 589.955 
3 49 66 71 753.293 435.71 3 772.529 443.158 4 716.727 428.51 
2 95 108 118 757.525 552.944 5 491.644 327.536 
2 58 74 92 765.778 491.979 3 701.27 505.79 
2 0 0 0 766.265 593.94 4 766.043 593.959 
2 57 58 57 767.338 468.286 4 646.985 461.987 
2 255 255 255 773.04 364.613 4 739.458 359.293 
2 47 47 45 776.534 460.468 4 696.416 452.039 
2 39 42 43 776.794 453.017 3 328.496 533.97 
4 0 0 0 778.089 594.977 3 778.071 594.981 4 766.043 593.959 5 778.246 594.916 
3 111 109 65 780.17 363.218 4 745.761 357.926 5 756.434 352.057 
2 91 81 56 785.884 364.138 5 782.916 354.179 
4 0 0 0 791.848 305.252 3 791.848 305.252 4 791.848 305.252 5 791.848 305.252 
2 0 0 0 792.352 477.878 4 791.843 477.721 
3 0 0 0 792.851 254.303 3 792.853 254.262 5 793.852 218.294 
2 0 0 0 792.902 507.277 3 778.071 594.981 
2 0 0 0 792.915 478.416 4 791.843 477.721 
4 0 0 0 793.864 218.271 3 792.853 254.262 4 791.848 305.252 5 791.848 305.252 
3 0 0 0 793.925 528.15 3 793.969 528.084 5 793.941 528.164 
3 70 83 89 794.757 592.062 3 794.682 591.961 5 794.588 591.953 
4 70 83 89 794.757 592.062 3 794.682 591.961 4 793.994 591.54 5 794.588 591.953 
3 0 0 0 795.077 543.606 3 795.062 543.645 4 794.988 544.071 
